0 70
0 84
0 88
0 89
0 95
0 110
0 141
0 213
0 234
0 259
0 291
0 320
0 349
0 353
0 363
0 368
0 384
0 404
0 425
0 430
0 453
0 485
0 503
0 510
0 519
0 568
0 603
0 641
0 642
0 656
0 663
0 664
0 675
0 687
1 135
1 306
1 482
1 535
1 659
1 667
1 684
1 685
2 46
2 140
2 175
2 231
2 235
2 253
2 370
2 383
2 407
2 419
2 442
2 560
2 585
2 587
2 613
2 649
3 40
3 72
4 203
4 529
5 97
5 671
6 58
6 357
7 135
7 535
8 36
8 48
8 83
8 199
8 261
8 289
8 378
8 381
8 397
8 413
8 448
8 469
8 505
8 519
8 664
8 691
9 150
9 644
10 345
10 396
11 168
11 627
12 524
13 18
13 104
13 231
13 237
13 289
13 368
13 370
13 389
13 466
13 519
13 640
13 671
13 687
14 153
14 379
15 77
15 98
15 104
15 128
15 182
15 188
15 298
15 315
15 320
15 419
15 450
15 472
15 531
15 555
15 563
15 606
15 641
16 390
16 686
17 333
17 670
18 13
18 446
18 641
19 592
19 601
20 38
20 522
21 557
21 653
22 60
22 465
23 669
24 494
25 322
25 637
26 171
26 662
27 192
27 457
28 95
28 322
28 556
28 566
29 239
29 616
30 439
30 609
31 270
31 402
32 262
32 427
33 276
33 631
34 165
34 565
35 166
35 236
35 277
36 8
36 104
36 183
36 373
37 403
37 612
38 20
39 210
39 566
40 3
40 70
40 611
40 657
40 696
41 262
42 132
42 175
42 251
42 345
42 392
42 545
43 169
43 480
44 371
44 448
45 507
45 685
46 2
46 283
46 561
47 132
47 517
48 8
48 73
48 304
49 118
49 319
49 521
50 286
50 500
51 171
51 273
52 442
52 538
53 334
53 411
53 687
54 257
54 293
54 365
55 461
56 280
56 553
57 285
57 549
58 6
58 389
58 433
59 206
59 654
60 22
60 155
61 675
61 689
62 151
62 170
62 691
63 562
63 575
63 646
64 136
64 148
65 565
65 697
66 200
66 566
67 136
67 398
68 206
68 438
68 687
69 269
69 407
70 0
70 40
70 331
70 623
71 133
71 640
72 3
72 477
73 48
73 304
74 365
74 404
75 273
75 419
76 163
76 375
77 15
77 289
78 573
78 693
79 386
79 451
80 209
80 429
81 201
81 332
82 89
82 168
82 449
83 8
83 182
83 435
84 0
84 270
84 593
85 267
85 421
85 452
86 283
86 583
86 680
87 455
87 489
88 0
88 401
88 455
89 0
89 82
89 252
90 204
90 293
91 206
91 654
92 195
92 496
93 260
93 471
94 488
94 570
95 0
95 28
95 234
95 594
95 616
96 228
96 554
97 5
97 568
98 15
98 134
98 219
99 277
99 324
99 619
100 273
100 480
101 533
101 692
102 211
102 438
103 327
103 443
104 13
104 15
104 36
104 519
105 214
106 192
106 614
107 205
108 350
109 360
109 420
110 0
110 206
110 695
111 499
111 578
112 175
112 366
113 140
113 389
114 201
114 372
115 393
115 446
116 133
116 175
117 186
118 49
118 521
118 615
119 124
119 168
119 351
120 146
120 300
121 172
121 369
122 320
123 267
123 452
124 119
124 450
124 594
125 681
126 568
127 331
127 629
128 15
128 446
129 609
130 444
130 595
131 304
132 42
132 47
132 517
133 71
133 116
133 478
134 98
134 501
135 1
135 7
135 264
135 535
136 64
136 67
136 398
136 451
137 303
137 678
138 184
138 284
138 468
138 681
139 164
139 177
140 2
140 113
140 446
141 0
141 206
142 398
143 184
143 211
144 455
144 559
145 225
145 569
146 120
146 382
146 425
147 247
148 64
148 252
148 639
149 158
149 314
150 9
150 241
150 308
150 644
151 62
151 338
151 625
152 562
152 600
153 14
153 257
153 372
153 437
153 654
154 583
154 584
155 60
155 341
155 495
156 412
156 586
157 206
158 149
158 303
159 423
160 263
160 481
161 389
161 537
162 336
162 409
163 76
163 394
163 680
164 139
164 268
165 34
165 351
166 35
166 611
166 657
167 228
167 439
168 11
168 82
168 119
168 495
169 43
169 188
170 62
171 26
171 51
171 233
172 121
172 203
172 529
173 645
173 668
174 245
175 2
175 42
175 112
175 116
175 377
176 227
176 260
177 139
178 325
178 361
179 376
179 469
180 303
181 319
181 403
182 15
182 83
182 435
183 36
183 258
184 138
184 143
184 289
185 323
185 364
186 117
186 506
187 695
188 15
188 169
188 285
189 389
189 537
190 434
190 527
191 587
191 675
192 27
192 106
192 457
193 215
193 544
194 225
194 532
195 92
195 496
195 595
196 319
196 439
197 393
197 431
198 246
198 281
198 299
198 377
198 635
199 8
199 413
199 623
200 66
200 566
201 81
201 114
201 332
202 382
202 552
203 4
203 172
203 257
203 503
204 90
204 380
205 107
205 611
206 59
206 68
206 91
206 110
206 141
206 157
206 654
207 393
207 401
208 697
209 80
209 429
210 39
210 352
211 102
211 143
212 251
213 0
213 353
214 105
215 193
216 591
216 638
217 672
218 233
218 699
219 98
219 444
220 288
220 440
220 579
220 697
221 423
221 683
222 228
222 368
223 439
224 673
225 145
225 194
225 322
226 378
226 512
227 176
227 273
227 305
228 96
228 167
228 222
228 523
229 455
229 611
230 533
231 2
231 13
231 298
232 419
233 171
233 218
234 0
234 95
234 568
234 658
235 2
235 241
236 35
236 464
237 13
237 349
237 540
238 460
238 503
239 29
239 316
240 525
240 664
240 681
241 150
241 235
241 289
242 697
243 603
244 482
244 682
245 174
245 556
246 198
246 495
246 587
247 147
247 391
247 569
248 458
248 595
249 368
249 646
250 607
251 42
251 212
251 592
251 652
252 89
252 148
252 639
253 2
253 510
254 375
254 567
255 354
255 371
256 374
257 54
257 153
257 203
257 293
258 183
258 392
259 0
259 378
259 594
260 93
260 176
260 471
260 638
261 8
261 404
262 32
262 41
262 429
262 433
262 532
263 160
263 614
264 135
264 535
266 405
266 439
266 456
266 494
267 85
267 123
267 418
267 452
268 164
269 69
269 546
269 669
270 31
270 84
270 380
270 496
271 310
271 591
272 480
273 51
273 75
273 100
273 227
273 419
274 402
274 421
275 416
275 675
275 689
276 33
277 35
277 99
278 364
278 369
278 370
278 401
278 507
278 524
278 564
278 597
278 617
278 622
278 693
279 452
279 515
280 56
280 547
280 553
281 198
281 412
281 616
281 622
282 441
283 46
283 86
283 561
284 138
284 470
284 635
285 57
285 188
285 596
286 50
286 409
287 557
287 599
288 220
288 363
288 443
289 8
289 13
289 77
289 184
289 241
289 420
289 560
290 373
291 0
291 428
291 597
292 439
292 620
293 54
293 90
293 257
294 295
294 342
294 486
294 520
294 547
294 561
294 582
294 617
295 294
295 439
295 516
296 438
296 496
296 653
297 510
297 682
298 15
298 231
299 198
300 120
300 308
300 394
301 311
301 643
302 344
302 378
303 137
303 158
303 180
304 48
304 73
304 131
305 227
305 501
306 1
306 535
307 380
307 680
308 150
308 300
309 499
309 625
310 271
310 388
311 301
312 592
313 526
313 682
314 149
314 655
315 15
315 480
316 239
317 499
317 665
318 358
318 546
318 694
319 49
319 181
319 196
320 0
320 15
320 122
320 450
320 687
321 605
322 25
322 28
322 225
322 455
322 556
323 185
324 99
324 619
325 178
325 415
326 478
326 507
327 103
328 594
329 448
329 695
330 434
330 586
330 646
331 70
331 127
331 382
332 81
332 201
333 17
333 406
334 53
334 486
334 695
335 667
336 162
336 409
337 596
338 151
338 570
339 439
341 155
341 363
342 294
342 351
342 565
343 592
344 302
345 10
345 42
345 358
345 396
345 434
345 438
345 521
345 639
345 654
347 502
348 423
348 683
349 0
349 237
349 540
349 698
350 108
350 460
351 119
351 165
351 342
351 565
352 210
352 599
353 0
353 213
354 255
354 383
354 578
356 393
357 6
357 648
358 318
358 345
358 546
358 669
358 675
359 427
359 529
360 109
360 381
361 178
361 490
362 461
362 549
363 0
363 288
363 341
363 641
364 185
364 278
365 54
365 74
365 540
365 698
366 112
366 642
367 417
367 509
368 0
368 13
368 222
368 249
369 121
369 278
369 692
370 2
370 13
370 278
370 472
370 651
371 44
371 255
372 114
372 153
372 409
373 36
373 290
374 256
374 577
374 580
375 76
375 254
375 435
376 179
376 469
376 471
377 175
377 198
377 464
377 472
378 8
378 226
378 259
378 302
378 512
379 14
379 423
379 468
379 471
379 523
379 599
379 669
380 204
380 270
380 307
380 496
381 8
381 360
382 146
382 202
382 331
383 2
383 354
383 392
383 565
384 0
384 593
385 433
386 79
386 639
388 310
388 553
389 13
389 58
389 113
389 161
389 189
389 537
390 16
391 247
391 569
392 42
392 258
392 383
393 115
393 197
393 207
393 356
393 446
393 670
394 163
394 300
394 579
395 470
396 10
396 345
396 398
396 487
396 517
396 546
396 596
396 623
397 8
398 67
398 136
398 142
398 396
399 521
400 437
401 88
401 207
401 278
402 31
402 274
402 421
403 37
403 181
403 443
404 0
404 74
404 261
404 446
404 589
404 617
405 266
405 583
406 333
406 471
406 549
407 2
407 69
407 596
408 645
409 162
409 286
409 336
409 372
410 650
411 53
411 623
412 156
412 281
412 461
412 586
413 8
413 199
414 439
414 471
415 325
415 668
415 685
416 275
417 367
418 267
418 452
419 2
419 15
419 75
419 232
419 273
420 109
420 289
420 495
421 85
421 274
421 402
421 439
421 459
422 534
423 159
423 221
423 348
423 379
423 683
424 558
425 0
425 146
426 699
427 32
427 359
427 586
428 291
428 464
429 80
429 209
429 262
430 0
430 445
430 572
431 197
433 58
433 262
433 385
434 190
434 330
434 345
434 558
434 577
435 83
435 182
435 375
435 464
436 563
437 153
437 400
437 471
437 489
437 533
437 539
437 544
437 570
437 573
437 575
437 651
437 672
437 688
437 695
437 697
438 68
438 102
438 296
438 345
439 30
439 167
439 196
439 223
439 266
439 292
439 295
439 339
439 414
439 421
439 471
440 220
440 638
440 690
441 282
442 2
442 52
442 538
442 660
443 103
443 288
443 403
444 130
444 219
444 595
445 430
445 619
446 18
446 115
446 128
446 140
446 393
446 404
446 670
447 538
448 8
448 44
448 329
448 647
448 695
449 82
449 583
449 584
450 15
450 124
450 320
450 651
451 79
451 136
452 85
452 123
452 267
452 279
452 418
452 516
453 0
454 550
454 699
455 87
455 88
455 144
455 229
455 322
455 509
456 266
457 27
457 192
457 522
458 248
459 421
460 238
460 350
461 55
461 362
461 412
461 514
461 685
462 556
463 523
464 236
464 377
464 428
464 435
465 22
466 13
467 638
468 138
468 379
468 674
469 8
469 179
469 376
470 284
470 395
470 491
470 611
471 93
471 260
471 376
471 379
471 406
471 414
471 437
471 439
471 616
472 15
472 370
472 377
475 696
476 686
477 72
477 674
478 133
478 326
479 671
480 43
480 100
480 272
480 315
481 160
481 628
481 688
482 1
482 244
482 535
483 683
485 0
485 652
486 294
486 334
487 396
487 555
487 620
488 94
489 87
489 437
490 361
490 613
490 635
491 470
491 542
491 611
491 622
491 657
492 551
494 24
494 266
495 155
495 168
495 246
495 420
495 662
496 92
496 195
496 270
496 296
496 380
497 645
498 668
499 111
499 309
499 317
500 50
500 633
501 134
501 305
502 347
503 0
503 203
503 238
503 596
505 8
505 698
506 186
507 45
507 278
507 326
507 518
507 685
508 569
509 367
509 455
510 0
510 253
510 297
511 557
512 226
512 378
512 555
512 620
513 621
514 461
514 615
514 685
515 279
516 295
516 452
517 47
517 132
517 396
517 555
518 507
519 0
519 8
519 13
519 104
520 294
520 643
521 49
521 118
521 345
521 399
521 615
522 20
522 457
522 615
523 228
523 379
523 463
524 12
524 278
524 553
524 617
524 674
524 685
525 240
525 563
525 621
525 681
526 313
527 190
527 567
528 690
529 4
529 172
529 359
530 646
531 15
532 194
532 262
533 101
533 230
533 437
533 692
534 422
535 1
535 7
535 135
535 264
535 306
535 482
537 161
537 189
537 389
538 52
538 442
538 447
539 437
539 626
539 661
540 237
540 349
540 365
540 698
542 491
544 193
544 437
544 679
545 42
546 269
546 318
546 358
546 396
546 646
546 669
547 280
547 294
547 553
547 582
548 661
549 57
549 362
549 406
550 454
550 699
551 492
551 557
552 202
552 696
553 56
553 280
553 388
553 524
553 547
554 96
555 15
555 487
555 512
555 517
555 620
556 28
556 245
556 322
556 462
557 21
557 287
557 511
557 551
557 599
557 679
558 424
558 434
558 683
559 144
560 2
560 289
561 46
561 283
561 294
562 63
562 152
562 584
562 600
563 15
563 436
563 525
563 658
564 278
564 663
565 34
565 65
565 342
565 351
565 383
566 28
566 39
566 66
566 200
567 254
567 527
568 0
568 97
568 126
568 234
569 145
569 247
569 391
569 508
570 94
570 338
570 437
570 656
572 430
573 78
573 437
573 634
573 693
574 688
574 691
575 63
575 437
575 646
577 374
577 434
578 111
578 354
579 220
579 394
580 374
580 590
580 689
582 294
582 547
582 601
582 617
582 642
582 680
582 696
583 86
583 154
583 405
583 449
583 680
584 154
584 449
584 562
584 680
585 2
585 624
586 156
586 330
586 412
586 427
586 589
587 2
587 191
587 246
587 675
589 404
589 586
590 580
591 216
591 271
592 19
592 251
592 312
592 343
593 84
593 384
593 675
594 95
594 124
594 259
594 328
595 130
595 195
595 248
595 444
596 285
596 337
596 396
596 407
596 503
597 278
597 291
599 287
599 352
599 379
599 557
599 626
600 152
600 562
600 615
601 19
601 582
601 611
601 614
601 621
602 646
603 0
603 243
605 321
606 15
606 651
607 250
609 30
609 129
611 40
611 166
611 205
611 229
611 470
611 491
611 601
611 657
612 37
613 2
613 490
614 106
614 263
614 601
615 118
615 514
615 521
615 522
615 600
616 29
616 95
616 281
616 471
617 278
617 294
617 404
617 524
617 582
617 635
617 668
618 685
619 99
619 324
619 445
620 292
620 487
620 512
620 555
621 513
621 525
621 601
622 278
622 281
622 491
622 685
623 70
623 199
623 396
623 411
624 585
625 151
625 309
626 539
626 599
627 11
628 481
628 688
629 127
631 33
631 647
633 500
634 573
634 647
635 198
635 284
635 490
635 617
637 25
638 216
638 260
638 440
638 467
638 656
638 677
639 148
639 252
639 345
639 386
640 13
640 71
641 0
641 15
641 18
641 363
641 670
642 0
642 366
642 582
643 301
643 520
644 9
644 150
645 173
645 408
645 497
646 63
646 249
646 330
646 530
646 546
646 575
646 602
647 448
647 631
647 634
648 357
648 658
649 2
650 410
651 370
651 437
651 450
651 606
652 251
652 485
653 21
653 296
654 59
654 91
654 153
654 206
654 345
655 314
656 0
656 570
656 638
657 40
657 166
657 491
657 611
658 234
658 563
658 648
659 1
660 442
661 539
661 548
662 26
662 495
663 0
663 564
664 0
664 8
664 240
665 317
667 1
667 335
668 173
668 415
668 498
668 617
669 23
669 269
669 358
669 379
669 546
670 17
670 393
670 446
670 641
671 5
671 13
671 479
672 217
672 437
673 224
674 468
674 477
674 524
675 0
675 61
675 191
675 275
675 358
675 587
675 593
677 638
678 137
679 544
679 557
680 86
680 163
680 307
680 582
680 583
680 584
681 125
681 138
681 240
681 525
682 244
682 297
682 313
683 221
683 348
683 423
683 483
683 558
684 1
685 1
685 45
685 415
685 461
685 507
685 514
685 524
685 618
685 622
686 16
686 476
687 0
687 13
687 53
687 68
687 320
688 437
688 481
688 574
688 628
689 61
689 275
689 580
690 440
690 528
691 8
691 62
691 574
692 101
692 369
692 533
693 78
693 278
693 573
694 318
695 110
695 187
695 329
695 334
695 437
695 448
696 40
696 475
696 552
696 582
697 65
697 208
697 220
697 242
697 437
698 349
698 365
698 505
698 540
699 218
699 426
699 454
699 550
