6
20
45
119
131
145
202
211
213
251
252
255
301
337
345
351
352
375
381
391
498
499
528
559
566
586
618
628
656
851
899
911
913
927
937
971
1006
1007
1008
1057
1063
1079
1138
1184
1189
1222
1231
1271
1274
1283
1331
1336
1356
1432
1477
1538
1568
1615
1628
1639
1659
1689
1707
1721
1741
1788
1795
1823
1826
1890
1931
1935
1939
1951
1984
1990
2006
2026
2060
2111
2160
2166
2211
2261
2263
2304
2325
2328
2423
2424
2441
2461
2482
2494
2518
2546
2579
2675
2704
2720
2753
2756
2782
2843
2868
2936
2965
3008
3017
3051
3082
3117
3140
3148
3154
3174
3232
3267
3316
3356
3394
3413
3461
3506
3632
3655
3698
3704
3735
3743
3776
3895
3903
3908
3926
3929
3941
3943
3991
4050
4051
4133
4138
4164
4207
4214
4371
4374
4413
4420
4431
4440
4509
4514
4522
4548
4550
4610
4633
4641
4691
4702
4704
4727
4752
4791
4888
4901
4932
5003
5042
5104
5129
5154
5182
5204
5236
5272
5281
5339
5345
5354
5356
5371
5440
5494
5562
5585
5605
5611
5622
5735
5752
5808
5817
5838
5929
5930
5936
5962
5984
5986
6028
6049
6064
6111
6141
6159
6198
6213
6221
6222
6231
6234
6273
6295
6322
6338
6369
6377
6383
6392
6405
6414
6419
6420
6421
6431
6504
6509
6544
6563
6588
6597
6612
6623
6665
6670
6685
6729
6737
6753
6756
6822
6855
7022
7061
7063
7067
7110
7127
7170
7198
7230
7353
7358
7375
7397
7499
7514
7538
7539
7576
7612
7688
7702
7715
7720
7734
7769
7771
7819
7821
7850
7876
7970
8004
8034
8045
8059
8121
8127
8176
8222
8228
8290
8296
8338
8360
8411
8437
8545
8591
8642
8646
8682
8705
8750
8761
8763
8773
8866
8952
8963
8990
8996
9047
9091
9133
9144
9148
9212
9231
9294
9361
9422
9427
9482
9562
9582
9657
9697
9698
9716
9736
9743
9746
9754
9780
9791
9824
9840
9862
9866
9889
9890
10011
10100
10163
10179
10187
10204
10217
10232
10321
10342
10348
10356
10397
10412
10452
10564
10569
10582
10636
10687
10688
10740
10769
10800
10811
10813
10884
10893
10944
10947
10976
11022
11036
11058
11073
11077
11203
11226
11244
11253
11291
11319
11340
11342
11349
11415
11448
11452
11468
11474
11545
11563
11566
11567
11568
11575
11583
11615
11631
11653
11729
11763
11839
11864
11873
11910
11934
11940
11944
11963
11966
12100
12117
12120
12122
12131
12140
12163
12164
12168
12176
12246
12251
12266
12286
12305
12334
12342
12356
12380
12410
12442
12456
12458
12472
12474
12478
12484
12494
12495
12572
12574
12599
12638
12644
12695
12753
12765
12767
12842
12844
12956
12978
12988
13003
13032
13036
13043
13051
13094
13112
13159
13172
13177
13238
13253
13261
13366
13421
13431
13482
13535
13555
13571
13606
13614
13641
13656
13682
13730
13736
13747
13796
13835
13836
13897
13912
13965
13968
14013
14053
14065
14070
14119
14147
14158
14172
14173
14182
14210
14220
14257
14262
14274
14327
14340
14350
14378
14384
14394
14408
14413
14427
14444
14457
14478
14516
14589
14590
14609
14612
14657
14680
14736
14791
14855
14952
14961
14979
15020
15138
15143
15148
15174
15203
15224
15225
15237
15239
15243
15250
15321
15337
15403
15409
15437
15445
15471
15482
15487
15490
15515
15539
15543
15571
15597
15630
15648
15650
15660
15673
15718
15720
15741
15753
15807
15875
15885
15914
15932
15941
16011
16024
16026
16029
16030
16040
16068
16124
16130
16174
16212
16250
16254
16286
16293
16318
16360
16364
16380
16417
16439
16442
16453
16463
16536
16542
16553
16558
16569
16624
16650
16655
16677
16680
16699
16722
16790
16795
16801
16817
16822
16833
16895
16899
16924
16975
16985
17007
17012
17040
17046
17096
17113
17127
17165
17170
17190
17232
17239
17278
17337
17370
17413
17441
17446
17476
17491
17520
17545
17596
17615
17637
17711
17742
17770
17773
17777
17800
17805
17820
17870
17945
17957
18039
18046
18125
18174
18251
18257
18263
18272
18281
18283
18329
18346
18361
18380
18429
18518
18534
18545
18608
18689
18691
18730
18811
18838
18950
18961
18968
18990
19036
19069
19070
19094
19095
19107
19117
19141
19288
19315
19354
19372
19418
19468
19537
19577
19605
19607
19635
19661
19694
19709
