4
2053
6
14
2064
2065
2067
2069
27
29
33
2086
43
46
2097
2098
51
52
59
2115
2116
2125
2126
78
2128
2129
2133
2139
91
93
97
2151
107
2157
111
2162
123
2176
2181
2180
137
141
2191
2192
2194
146
153
2202
160
2211
168
2222
2226
2230
2234
2236
188
190
2239
192
2242
193
2246
2247
202
2253
2254
207
2257
213
219
220
223
227
229
2279
2281
2282
237
2287
2291
246
251
2300
253
2302
2306
258
266
2318
270
2319
274
275
282
289
296
2348
2349
302
303
2352
307
325
2376
330
2392
2393
346
345
2396
2397
2398
352
2407
361
354
363
365
372
370
376
382
387
2435
388
391
2444
403
410
426
2475
431
433
2482
2491
2492
449
2499
453
454
460
461
2512
467
473
2525
2524
481
492
493
2542
2544
500
2551
2550
2556
508
510
2558
511
2564
522
523
2572
527
528
529
2579
534
2585
544
549
554
556
560
2619
572
2622
2627
2628
2632
585
586
2649
2650
2651
2660
614
2663
2664
2665
2667
615
625
626
627
2678
630
633
2681
636
2685
2686
640
2689
2688
644
2716
2717
669
683
2732
2733
686
690
696
701
2754
2755
706
2758
710
712
719
2774
2775
2782
2783
2784
2785
2786
753
755
2808
2818
2820
2821
2822
2824
2823
2829
2830
2826
2827
2828
787
788
784
2838
2839
798
799
800
2853
807
2859
2860
823
824
2882
835
843
845
846
849
855
869
2925
2926
2927
884
887
2939
893
895
2944
896
900
902
917
2967
2968
926
934
937
941
2991
2995
949
3000
3006
961
962
3007
3013
965
3014
968
969
980
3030
3031
983
3040
993
3041
992
1009
1010
1012
1014
3068
1024
3073
3074
1034
1036
3086
3092
3093
1047
1054
3106
3107
1071
1072
3122
1081
3132
1086
1085
3139
1092
3143
1112
1118
1122
3184
3185
1137
3186
3193
3194
3195
3196
3197
1150
1157
3206
1159
3210
1163
3214
1172
3220
1174
1176
1177
1181
1186
3237
1190
1194
3244
1198
3248
1201
3249
3255
3258
3262
1214
3263
1218
1219
3271
1224
1226
1230
3280
1232
1236
1238
1244
3293
1245
1248
3297
3298
1251
1258
3316
1269
1268
1273
3326
254
1279
1281
1290
1297
1301
1309
1339
1342
1343
1351
1363
1371
1386
1405
1413
1421
1422
1427
1452
1470
1480
1494
1501
1503
1508
1513
1532
1533
1542
1543
1559
1579
1590
1593
1594
1599
1607
1608
1616
1617
1633
1635
1644
1645
1652
1658
1662
1663
1664
1674
1687
1689
1703
1712
1715
1724
1728
1731
1751
1752
1757
1772
1807
1808
1809
1818
1820
1822
1824
1830
1834
1840
1868
1883
1886
1890
1909
1915
1918
1935
1937
1943
1947
1954
1958
1962
1976
1992
1998
2002
2004
2008
2021
2023
2030
2043
2045
2047
