2048
2058
13
15
16
21
23
24
2072
2075
40
41
42
44
47
2099
58
2107
2121
2140
95
96
2146
2149
104
2153
110
2164
117
2166
119
2167
125
129
131
132
2182
2184
2186
139
2187
145
147
149
2204
156
159
171
2221
175
2225
180
181
2240
197
2256
209
210
2263
2264
2269
2272
225
2274
228
2277
235
240
239
2288
245
2303
255
2305
259
2309
256
263
268
284
2332
2333
2334
291
2343
2344
2345
2346
2347
306
300
314
317
2366
2367
2368
324
2377
338
339
340
2390
351
349
348
2403
2404
2405
358
2408
2412
364
2415
2416
2417
2418
367
373
374
377
394
399
407
411
425
428
2480
2481
440
2490
444
447
448
2498
2500
459
465
472
2521
2522
2523
484
2538
2543
495
2541
499
2548
2549
505
514
531
541
2590
2594
2596
2597
2599
552
2606
2610
2611
564
2612
568
2625
2626
579
578
2630
2635
2636
2637
2638
2639
2640
2641
592
2642
596
589
2648
602
606
2655
616
622
629
631
639
2693
656
661
2709
2710
2711
665
2712
672
2724
2726
2727
691
693
2745
2746
699
700
703
2753
2757
2760
2761
2762
715
2763
711
2768
2769
722
2781
737
740
741
742
2789
2790
743
757
2809
2810
2814
767
2816
2817
2815
773
775
779
780
2825
791
797
2847
2851
2852
804
809
2862
816
820
822
826
831
842
850
858
870
873
886
888
2940
2942
2941
2943
912
2973
928
2978
931
932
2982
935
942
945
2999
952
954
957
958
959
3012
3016
970
3022
3023
3024
987
3035
3036
996
3047
3048
3049
3050
3054
1006
3057
3058
3059
3063
1013
1023
3075
1025
1029
3077
3084
1043
3096
3097
1050
3102
3103
1059
3108
3109
1063
3110
1066
3115
3116
3121
1073
1074
3124
3130
3131
1084
3134
3133
1090
1096
1095
1098
3152
1105
1106
1111
1117
3167
3168
1123
3183
3189
3190
3191
1147
3202
3203
3204
3208
1160
1164
1156
1166
1167
3225
3229
3230
1184
3233
1191
3242
3246
3254
1210
3267
3274
1227
3279
1233
3286
1240
3287
3294
3300
3303
3305
3306
3309
1261
1262
1270
3320
3319
3324
1286
1287
1303
1313
1321
1322
1324
1327
1329
1333
1334
1337
1347
1350
1352
1364
1368
1376
1380
1388
1401
1410
1411
1416
1420
1432
1439
1449
1460
1462
1464
1476
1477
1490
1493
1495
1528
1531
1549
1551
1552
1562
1564
1567
1572
1581
1605
1610
1613
1637
1647
1661
1667
1675
1685
1690
1704
1708
1717
1725
1726
1729
1732
1733
1738
1740
1743
1744
1747
1766
1768
1776
1785
1796
1800
1803
1813
1827
1829
1831
1838
1839
1845
774
1855
1858
1859
1863
1871
1872
1893
1894
1901
1929
1940
1942
1949
1955
1963
1964
1980
1983
1986
1988
1991
1997
2000
2006
2009
2012
2019
2024
2026
2027
2031
2033
2035
2039
2042
