2048
4
2053
6
13
14
15
2064
2065
16
2069
21
23
24
27
29
33
2086
40
41
42
43
44
46
47
2097
2098
51
52
58
2107
59
2115
2116
2121
2125
2126
2128
2139
95
96
97
2146
2149
2151
104
2153
107
110
111
2162
2164
2166
119
2167
125
2176
129
131
132
2181
2182
2184
137
139
2187
141
2191
2192
145
2194
147
146
153
2204
159
2211
168
171
2221
175
2226
180
181
2230
2234
2236
190
2239
192
2240
2242
197
2246
2247
202
2253
2254
207
2256
2257
213
2263
2264
219
220
2269
223
2272
225
2274
228
229
2277
2279
2281
2282
237
2287
240
239
2291
245
246
251
2300
2302
2303
255
2306
258
259
2309
263
268
2318
270
2319
274
275
282
284
2332
2333
2334
289
291
296
2344
2345
2346
2348
2349
302
303
2352
2347
306
307
300
314
317
324
325
2376
2377
330
338
339
340
2390
2392
2393
346
345
2396
2397
2398
351
352
349
2404
2405
358
2407
2408
361
363
2412
365
2415
2416
2417
2418
372
373
376
377
382
387
2435
388
391
394
2444
403
407
411
425
2475
428
431
2480
433
2482
2481
440
2490
444
448
2498
2500
453
454
460
461
465
467
472
2521
2522
2523
2525
481
484
2538
492
493
2542
2543
2544
495
499
505
2556
510
2558
511
514
2564
522
523
2572
527
528
529
531
534
2585
541
2590
544
2594
2596
549
2597
2599
552
554
2606
560
2610
2611
564
2612
568
2622
2625
2626
579
2630
2632
585
586
2635
2636
2637
2638
2639
2640
2641
592
2642
596
589
2648
2649
602
2650
2651
606
2655
2660
2663
2664
2665
616
2667
622
625
626
627
629
2678
631
630
633
2681
636
2685
2686
639
2688
2689
644
2693
661
2709
2710
2711
665
2712
2717
2724
683
686
691
693
696
2745
2746
699
700
701
703
2753
2754
2755
706
2758
710
2760
2761
2762
715
2763
712
719
2768
2769
2774
2775
2781
2782
2783
2784
2785
2786
737
740
741
742
2789
753
755
2808
2809
2810
2814
767
2816
2817
2818
2815
2820
773
2821
2822
2824
775
2823
779
780
2829
2830
2826
2827
2828
2825
787
788
2838
791
2839
799
800
2847
2851
2852
2853
804
807
809
2859
2860
2862
816
820
822
823
824
826
831
2882
835
842
845
846
850
855
869
870
873
2925
2926
2927
886
887
888
893
2942
895
2944
896
2941
902
912
917
2967
2968
2973
928
2978
931
932
935
937
941
2991
945
2995
2999
3000
958
959
962
3012
3013
965
3014
3016
968
970
3023
3024
980
3030
3031
983
987
3035
3036
3040
993
3041
992
996
3047
3048
3049
3050
3054
1006
1009
1010
3057
1012
3058
3059
3063
1013
1014
3068
1023
3073
3074
3075
1025
1034
1036
3086
1043
3092
3093
1047
3096
3097
1050
1054
1059
1063
1066
3115
3116
1071
3121
1073
1074
3124
1081
3130
3131
3132
1086
3134
1090
1092
3143
1096
1095
1098
1105
1112
1117
1118
3167
3168
1122
3184
3185
1137
3186
3189
3190
3191
3193
3194
3195
3196
3197
1150
1147
3202
3203
3204
1157
3206
1159
3208
1160
3210
1163
1164
1166
1167
1174
1176
1177
3225
1181
3229
3230
3233
1186
3237
1190
1194
3242
1198
3246
1201
3254
3255
3258
1210
3262
1214
3263
1218
1219
1224
3274
1227
1226
1230
3280
1232
1233
1236
1238
1240
1244
3293
1245
3294
1248
3297
1251
3300
3303
1258
3309
1261
1262
3316
1269
1268
1270
3320
1273
3319
3324
3326
1281
1290
1297
1301
1303
1313
1321
1322
1324
1327
1329
1333
1337
1339
1342
1343
1347
1350
1351
1352
1364
1368
1371
1376
1380
1386
1388
1410
1413
1416
1421
1422
1427
1432
1439
1449
1452
1460
1462
1464
1470
1476
1477
1480
1490
1493
1494
1495
1501
1503
1508
1513
1528
1531
1532
1533
1542
1549
1551
1552
1559
1562
1567
1572
1579
1581
1590
1593
1594
1599
1605
1607
1608
1617
1633
1635
1637
1644
1645
1647
1658
1661
1662
1663
1664
1674
1675
1689
1690
1703
1704
1708
1712
1717
1724
1725
1728
1729
1731
1732
1740
1743
1747
1751
1757
1768
1776
1785
1796
1800
1807
1813
1820
1824
1827
1829
1830
1831
1834
1838
1839
1840
1845
774
1858
1859
1868
1871
1872
1883
1886
1893
1894
1901
1909
1915
1918
1929
1937
1940
1942
1943
1947
1949
1954
1955
1958
1962
1963
1964
1976
1980
1986
1988
1997
2000
2002
2004
2006
2008
2009
2012
2019
2021
2023
2024
2027
2031
2033
2035
2039
2042
2045
2047
