2053
6
15
2064
2065
2069
23
24
27
29
33
2086
40
41
43
44
2097
2098
51
52
58
2107
59
2115
2116
2125
2128
2139
95
96
97
2146
2149
2151
104
107
110
2162
2164
119
125
2176
129
131
132
2181
137
139
141
2192
145
2194
147
153
2211
168
2221
2226
180
2230
2234
190
2239
192
197
2246
2247
202
2253
2254
207
2256
2257
213
2264
219
220
2269
223
2272
229
2281
2282
237
2287
240
239
2291
246
2302
2303
2306
258
2309
268
2318
270
274
275
284
2332
2333
2334
289
296
302
303
2352
306
307
324
325
2376
2377
330
338
339
2392
2393
346
2396
2397
2398
351
352
2404
2405
2407
361
363
2412
372
377
382
387
2435
388
2444
403
2475
428
431
433
440
2498
2500
453
454
461
472
2521
2522
2523
2525
2538
492
493
2542
2543
2544
2556
2558
511
510
514
2564
2572
527
528
529
534
2585
541
2590
544
549
552
554
564
568
2622
2625
2626
2632
585
586
2635
2636
2638
2639
2640
2641
592
2642
596
2649
602
2650
2651
606
2660
2663
2664
2665
2667
625
627
2678
631
633
2681
636
2685
2686
639
2688
2689
644
661
665
2717
683
686
696
2745
2746
700
703
2753
2754
2755
706
710
712
715
719
2774
2775
2781
2782
2783
2784
2785
2786
740
2789
742
753
755
2808
2809
2810
767
2818
2820
773
2821
2822
775
2823
2824
779
780
2826
2827
2828
2829
2830
787
788
2838
791
2839
799
800
2853
807
809
2859
2860
816
822
824
831
2882
835
845
846
869
870
2925
2926
2927
887
893
2942
895
2944
896
902
917
2967
2968
928
932
935
937
941
2991
945
3000
958
959
962
3013
965
3014
3016
968
970
3023
3024
980
3031
987
3035
993
996
3047
3048
3049
3050
3054
1009
1010
1012
3063
3068
3073
3074
3075
1034
1036
3086
1043
3092
3093
3097
1054
1059
1063
3115
3116
1071
3121
1081
3132
1086
3134
1092
3143
1096
1112
1118
3167
3168
1122
3184
3185
1137
3186
3190
3191
3193
3194
3195
3196
3197
1157
3206
1159
3208
3210
1166
1174
1176
1177
1181
3229
3230
3233
1186
1190
1194
3242
1198
1201
3254
3255
3258
3262
1214
1218
1219
3274
1227
1226
1230
3280
1232
1236
1238
1240
1244
3293
3297
1251
1258
3309
3316
1269
1268
1273
3324
3326
1281
1290
1297
1301
1303
1321
1322
1327
1329
1337
1342
1343
1350
1351
1352
1368
1371
1376
1380
1386
1413
1416
1422
1427
1439
1464
1470
1477
1480
1490
1494
1501
1503
1508
1532
1533
1542
1551
1552
1572
1579
1581
1590
1594
1599
1607
1608
1617
1633
1635
1644
1645
1647
1658
1661
1662
1663
1664
1674
1675
1689
1690
1703
1704
1724
1725
1728
1731
1732
1740
1743
1768
1807
1820
1824
1829
1831
1834
1839
1845
1858
1859
1868
1883
1893
1915
1918
1937
1940
1942
1943
1947
1949
1954
1955
1958
1962
1964
1976
1997
2000
2002
2004
2006
2008
2009
2012
2019
2021
2023
2027
2031
2033
2035
2042
2045
2047
