514
1542
2572
529
2065
534
23
2590
544
33
2086
40
3115
3116
1579
1581
2098
568
1081
1594
58
2107
3132
1086
2625
2626
1092
1608
1096
2635
3068
2638
2639
2640
2641
592
596
1118
97
2146
107
1645
1647
3184
3185
625
3191
631
3193
3194
3195
636
1661
1662
3196
2688
2689
3197
131
125
2685
3206
2686
639
1159
3210
1166
2192
2194
147
661
1689
1690
3233
1186
168
1194
683
3242
2221
1198
1201
180
3258
1724
1725
190
3262
192
1728
1218
2753
1732
197
2246
2754
2755
710
202
715
1740
2253
1743
207
3280
2264
1244
3293
223
2272
740
742
1258
2287
240
1269
2808
2809
2810
3324
2302
3326
2306
773
268
2318
270
1807
1297
787
788
275
1820
284
1831
1839
816
306
824
831
1859
324
325
1350
2376
2377
330
1868
845
846
1368
2392
2393
1371
351
352
2404
2405
1380
1893
372
377
1915
893
2942
2944
896
387
1413
902
1416
403
1940
1942
1439
1954
1958
935
1962
428
945
2500
3016
1997
3023
2000
3024
1490
980
2006
3031
2009
987
996
2542
3054
2033
3063
1532
2558
511
