2048
4
2053
6
2058
13
14
15
2064
2065
16
2067
2069
21
23
24
2072
2075
27
29
33
2086
40
41
42
43
44
46
47
2097
2098
51
52
2099
58
2107
59
2115
2116
2121
2125
2126
78
2128
2129
2133
2139
91
2140
93
95
96
97
2146
2149
2151
104
2153
107
2157
110
111
2162
2164
117
2166
119
2167
123
125
2176
129
131
132
2181
2182
2180
2184
137
2186
139
2187
141
2191
2192
145
2194
146
147
149
153
2202
2204
156
159
160
2211
168
171
2221
2222
175
2225
2226
180
181
2230
2234
2236
188
190
2239
192
2240
2242
193
197
2246
2247
202
2253
2254
207
2256
2257
209
210
213
2263
2264
219
220
2269
223
2272
225
2274
227
228
229
2277
2279
2281
2282
235
237
2287
240
239
2288
2291
245
246
251
2300
253
2302
2303
255
2305
2306
258
259
2309
256
263
266
268
2318
270
2319
274
275
282
284
2332
2333
2334
289
291
2343
296
2344
2345
2346
2348
2349
302
303
2352
2347
306
307
300
314
317
2366
2367
2368
324
325
2376
2377
330
338
339
340
2390
2392
2393
346
345
2396
2397
2398
351
352
349
348
2403
2404
2405
358
2407
2408
361
354
363
2412
365
364
2415
2416
2417
2418
367
372
373
370
374
376
377
382
387
2435
388
391
394
2444
399
403
407
410
411
425
426
2475
428
431
2480
433
2482
2481
440
2490
2491
444
2492
447
448
449
2498
2499
2500
453
454
459
460
461
2512
465
467
472
2521
2522
2523
473
2525
2524
481
484
2538
492
493
2542
2543
2544
495
2541
499
2548
2549
500
2551
2550
505
2556
508
510
2558
511
514
2564
522
523
2572
527
528
529
531
2579
534
2585
541
2590
544
2594
2596
549
2597
2599
552
554
556
2606
560
2610
2611
564
2612
568
2619
572
2622
2625
2626
579
578
2627
2630
2628
2632
585
586
2635
2636
2637
2638
2639
2640
2641
592
2642
596
589
2648
2649
602
2650
2651
606
2655
2660
614
2663
2664
2665
616
2667
615
622
625
626
627
629
2678
631
630
633
2681
636
2685
2686
639
640
2689
2688
644
2693
656
661
2709
2710
2711
665
2712
2716
2717
669
672
2724
2726
2727
683
2732
2733
686
690
691
693
696
2745
2746
699
700
701
703
2753
2754
2755
706
2757
2758
710
2760
2761
2762
715
2763
712
711
719
2768
2769
722
2774
2775
2781
2782
2783
2784
2785
2786
737
740
741
742
2789
2790
743
753
755
757
2808
2809
2810
2814
767
2816
2817
2818
2815
2820
773
2821
2822
2824
775
2823
779
780
2829
2830
2826
2827
2828
2825
787
788
784
2838
791
2839
797
798
799
800
2847
2851
2852
2853
804
807
809
2859
2860
2862
816
820
822
823
824
826
831
2882
835
842
843
845
846
849
850
855
858
869
870
873
2925
2926
2927
884
886
887
888
2939
2940
893
2942
895
2944
896
2941
2943
900
902
912
917
2967
2968
2973
926
928
2978
931
932
2982
935
934
937
941
942
2991
945
2995
949
2999
3000
952
954
957
958
959
3006
961
962
3007
3012
3013
965
3014
3016
968
970
969
3022
3023
3024
980
3030
3031
983
987
3035
3036
3040
993
3041
992
996
3047
3048
3049
3050
3054
1006
1009
1010
3057
1012
3058
3059
3063
1013
1014
3068
1023
1024
3073
3074
3075
1025
1029
3077
1034
1036
3084
3086
1043
3092
3093
1047
3096
3097
1050
1054
3102
3103
3106
1059
3107
3108
3109
1063
3110
1066
3115
3116
1071
1072
3121
1073
1074
3124
3122
1081
3130
3131
3132
1084
1086
3134
1085
3133
1090
3139
1092
3143
1096
1095
1098
3152
1105
1106
1111
1112
1117
1118
3167
3168
1122
1123
3183
3184
3185
1137
3186
3189
3190
3191
3193
3194
3195
3196
3197
1150
1147
3202
3203
3204
1157
3206
1159
3208
1160
3210
1163
1164
1156
1166
1167
3214
1172
3220
1174
1176
1177
3225
1181
3229
3230
1184
3233
1186
3237
1190
1191
1194
3242
3244
1198
3246
3248
1201
3249
3254
3255
3258
1210
3262
1214
3263
1218
1219
3267
3271
1224
3274
1227
1226
1230
3279
3280
1232
1233
1236
1238
3286
1240
3287
1244
3293
1245
3294
1248
3297
3298
1251
3300
3303
3305
1258
3306
3309
1261
1262
3316
1269
1268
1270
3320
1273
3319
3324
3326
254
1279
1281
1286
1287
1290
1297
1301
1303
1309
1313
1321
1322
1324
1327
1329
1333
1334
1337
1339
1342
1343
1347
1350
1351
1352
1363
1364
1368
1371
1376
1380
1386
1388
1401
1405
1410
1411
1413
1416
1420
1421
1422
1427
1432
1439
1449
1452
1460
1462
1464
1470
1476
1477
1480
1490
1493
1494
1495
1501
1503
1508
1513
1528
1531
1532
1533
1542
1543
1549
1551
1552
1559
1562
1564
1567
1572
1579
1581
1590
1593
1594
1599
1605
1607
1608
1610
1613
1616
1617
1633
1635
1637
1644
1645
1647
1652
1658
1661
1662
1663
1664
1667
1674
1675
1685
1687
1689
1690
1703
1704
1708
1712
1715
1717
1724
1725
1726
1728
1729
1731
1732
1733
1738
1740
1743
1744
1747
1751
1752
1757
1766
1768
1772
1776
1785
1796
1800
1803
1807
1808
1809
1813
1818
1820
1822
1824
1827
1829
1830
1831
1834
1838
1839
1840
1845
774
1855
1858
1859
1863
1868
1871
1872
1883
1886
1890
1893
1894
1901
1909
1915
1918
1929
1935
1937
1940
1942
1943
1947
1949
1954
1955
1958
1962
1963
1964
1976
1980
1983
1986
1988
1991
1992
1997
1998
2000
2002
2004
2006
2008
2009
2012
2019
2021
2023
2024
2026
2027
2030
2031
2033
2035
2039
2042
2043
2045
2047
