0
1
2
3
5
7
8
9
10
11
12
17
18
19
20
22
25
26
28
30
31
32
34
35
36
37
38
39
45
48
49
50
53
54
55
56
57
60
61
62
63
64
65
66
67
68
69
70
71
72
73
74
75
76
77
79
80
81
82
83
84
85
86
87
88
89
90
92
94
98
99
100
101
102
103
105
106
108
109
112
113
114
115
116
118
120
121
122
124
126
127
128
130
133
134
135
136
138
140
142
143
144
148
150
151
152
154
155
157
158
161
162
163
164
165
166
167
169
170
172
173
174
176
177
178
179
182
183
184
185
186
187
189
191
194
195
196
198
199
200
201
203
204
205
206
208
211
212
214
215
216
217
218
221
222
224
226
230
231
232
233
234
236
238
241
242
243
244
247
248
249
250
252
257
260
261
262
264
265
267
269
271
272
273
276
277
278
279
280
281
283
285
286
287
288
290
292
293
294
295
297
298
299
301
304
305
308
309
310
311
312
313
315
316
318
319
320
321
322
323
326
327
328
329
331
332
333
334
335
336
337
341
342
343
344
347
350
353
355
356
357
359
360
362
366
368
369
371
375
378
379
380
381
383
384
385
386
389
390
392
393
395
396
397
398
400
401
402
404
405
406
408
409
412
413
414
415
416
417
418
419
420
421
422
423
424
427
429
430
432
434
435
436
437
438
439
441
442
443
445
446
450
451
452
455
456
457
458
462
463
464
466
468
469
470
471
474
475
476
477
478
479
480
482
483
485
486
487
488
489
490
491
494
496
497
498
501
502
503
504
506
507
509
512
513
515
516
517
518
519
520
521
524
525
526
530
532
533
535
536
537
538
539
540
542
543
545
546
547
548
550
551
553
555
557
558
559
561
562
563
565
566
567
569
570
571
573
574
575
576
577
580
581
582
583
584
587
588
590
591
593
594
595
597
598
599
600
601
603
604
605
607
608
609
610
611
612
613
617
618
619
620
621
623
624
628
632
634
635
637
638
641
642
643
645
646
647
648
649
650
651
652
653
654
655
657
658
659
660
662
663
664
666
667
668
670
671
673
674
675
676
677
678
679
680
681
682
684
685
687
688
689
692
694
695
697
698
702
704
705
707
708
709
713
714
716
717
718
720
721
723
724
725
726
727
728
729
730
731
732
733
734
735
736
738
739
744
745
746
747
748
749
750
751
752
754
756
758
759
760
761
762
763
764
765
766
768
769
770
771
772
776
777
778
781
782
783
785
786
789
790
792
793
794
795
796
801
802
803
805
806
808
810
811
812
813
814
815
817
818
819
821
825
827
828
829
830
832
833
834
836
837
838
839
840
841
844
847
848
851
852
853
854
856
857
859
860
861
862
863
864
865
866
867
868
871
872
874
875
876
877
878
879
880
881
882
883
885
889
890
891
892
894
897
898
899
901
903
904
905
906
907
908
909
910
911
913
914
915
916
918
919
920
921
922
923
924
925
927
929
930
933
936
938
939
940
943
944
946
947
948
950
951
953
955
956
960
963
964
966
967
971
972
973
974
975
976
977
978
979
981
982
984
985
986
988
989
990
991
994
995
997
998
999
1000
1001
1002
1003
1004
1005
1007
1008
1011
1015
1016
1017
1018
1019
1020
1021
1022
1026
1027
1028
1030
1031
1032
1033
1035
1037
1038
1039
1040
1041
1042
1044
1045
1046
1048
1049
1051
1052
1053
1055
1056
1057
1058
1060
1061
1062
1064
1065
1067
1068
1069
1070
1075
1076
1077
1078
1079
1080
1082
1083
1087
1088
1089
1091
1093
1094
1097
1099
1100
1101
1102
1103
1104
1107
1108
1109
1110
1113
1114
1115
1116
1119
1120
1121
1124
1125
1126
1127
1128
1129
1130
1131
1132
1133
1134
1135
1136
1138
1139
1140
1141
1142
1143
1144
1145
1146
1148
1149
1151
1152
1153
1154
1155
1158
1161
1162
1165
1168
1169
1170
1171
1173
1175
1178
1179
1180
1182
1183
1185
1187
1188
1189
1192
1193
1195
1196
1197
1199
1200
1202
1203
1204
1205
1206
1207
1208
1209
1211
1212
1213
1215
1216
1217
1220
1221
1222
1223
1225
1228
1229
1231
1234
1235
1237
1239
1241
1242
1243
1246
1247
1249
1250
1252
1253
1254
1255
1256
1257
1259
1260
1263
1264
1265
1266
1267
1271
1272
1274
1275
1276
1277
1278
1280
1282
1283
1284
1285
1288
1289
1291
1292
1293
1294
1295
1296
1298
1299
1300
1302
1304
1305
1306
1307
1308
1310
1311
1312
1314
1315
1316
1317
1318
1319
1320
1323
1325
1326
1328
1330
1331
1332
1335
1336
1338
1340
1341
1344
1345
1346
1348
1349
1353
1354
1355
1356
1357
1358
1359
1360
1361
1362
1365
1366
1367
1369
1370
1372
1373
1374
1375
1377
1378
1379
1381
1382
1383
1384
1385
1387
1389
1390
1391
1392
1393
1394
1395
1396
1397
1398
1399
1400
1402
1403
1404
1406
1407
1408
1409
1412
1414
1415
1417
1418
1419
1423
1424
1425
1426
1428
1429
1430
1431
1433
1434
1435
1436
1437
1438
1440
1441
1442
1443
1444
1445
1446
1447
1448
1450
1451
1453
1454
1455
1456
1457
1458
1459
1461
1463
1465
1466
1467
1468
1469
1471
1472
1473
1474
1475
1478
1479
1481
1482
1483
1484
1485
1486
1487
1488
1489
1491
1492
1496
1497
1498
1499
1500
1502
1504
1505
1506
1507
1509
1510
1511
1512
1514
1515
1516
1517
1518
1519
1520
1521
1522
1523
1524
1525
1526
1527
1529
1530
1534
1535
1536
1537
1538
1539
1540
1541
1544
1545
1546
1547
1548
1550
1553
1554
1555
1556
1557
1558
1560
1561
1563
1565
1566
1568
1569
1570
1571
1573
1574
1575
1576
1577
1578
1580
1582
1583
1584
1585
1586
1587
1588
1589
1591
1592
1595
1596
1597
1598
1600
1601
1602
1603
1604
1606
1609
1611
1612
1614
1615
1618
1619
1620
1621
1622
1623
1624
1625
1626
1627
1628
1629
1630
1631
1632
1634
1636
1638
1639
1640
1641
1642
1643
1646
1648
1649
1650
1651
1653
1654
1655
1656
1657
1659
1660
1665
1666
1668
1669
1670
1671
1672
1673
1676
1677
1678
1679
1680
1681
1682
1683
1684
1686
1688
1691
1692
1693
1694
1695
1696
1697
1698
1699
1700
1701
1702
1705
1706
1707
1709
1710
1711
1713
1714
1716
1718
1719
1720
1721
1722
1723
1727
1730
1734
1735
1736
1737
1739
1741
1742
1745
1746
1748
1749
1750
1753
1754
1755
1756
1758
1759
1760
1761
1762
1763
1764
1765
1767
1769
1770
1771
1773
1774
1775
1777
1778
1779
1780
1781
1782
1783
1784
1786
1787
1788
1789
1790
1791
1792
1793
1794
1795
1797
1798
1799
1801
1802
1804
1805
1806
1810
1811
1812
1814
1815
1816
1817
1819
1821
1823
1825
1826
1828
1832
1833
1835
1836
1837
1841
1842
1843
1844
1846
1847
1848
1849
1850
1851
1852
1853
1854
1856
1857
1860
1861
1862
1864
1865
1866
1867
1869
1870
1873
1874
1875
1876
1877
1878
1879
1880
1881
1882
1884
1885
1887
1888
1889
1891
1892
1895
1896
1897
1898
1899
1900
1902
1903
1904
1905
1906
1907
1908
1910
1911
1912
1913
1914
1916
1917
1919
1920
1921
1922
1923
1924
1925
1926
1927
1928
1930
1931
1932
1933
1934
1936
1938
1939
1941
1944
1945
1946
1948
1950
1951
1952
1953
1956
1957
1959
1960
1961
1965
1966
1967
1968
1969
1970
1971
1972
1973
1974
1975
1977
1978
1979
1981
1982
1984
1985
1987
1989
1990
1993
1994
1995
1996
1999
2001
2003
2005
2007
2010
2011
2013
2014
2015
2016
2017
2018
2020
2022
2025
2028
2029
2032
2034
2036
2037
2038
2040
2041
2044
2046
2049
2050
2051
2052
2054
2055
2056
2057
2059
2060
2061
2062
2063
2066
2068
2070
2071
2073
2074
2076
2077
2078
2079
2080
2081
2082
2083
2084
2085
2087
2088
2089
2090
2091
2092
2093
2094
2095
2096
2100
2101
2102
2103
2104
2105
2106
2108
2109
2110
2111
2112
2113
2114
2117
2118
2119
2120
2122
2123
2124
2127
2130
2131
2132
2134
2135
2136
2137
2138
2141
2142
2143
2144
2145
2147
2148
2150
2152
2154
2155
2156
2158
2159
2160
2161
2163
2165
2168
2169
2170
2171
2172
2173
2174
2175
2177
2178
2179
2183
2185
2188
2189
2190
2193
2195
2196
2197
2198
2199
2200
2201
2203
2205
2206
2207
2208
2209
2210
2212
2213
2214
2215
2216
2217
2218
2219
2220
2223
2224
2227
2228
2229
2231
2232
2233
2235
2237
2238
2241
2243
2244
2245
2248
2249
2250
2251
2252
2255
2258
2259
2260
2261
2262
2265
2266
2267
2268
2270
2271
2273
2275
2276
2278
2280
2283
2284
2285
2286
2289
2290
2292
2293
2294
2295
2296
2297
2298
2299
2301
2304
2307
2308
2310
2311
2312
2313
2314
2315
2316
2317
2320
2321
2322
2323
2324
2325
2326
2327
2328
2329
2330
2331
2335
2336
2337
2338
2339
2340
2341
2342
2350
2351
2353
2354
2355
2356
2357
2358
2359
2360
2361
2362
2363
2364
2365
2369
2370
2371
2372
2373
2374
2375
2378
2379
2380
2381
2382
2383
2384
2385
2386
2387
2388
2389
2391
2394
2395
2399
2400
2401
2402
2406
2409
2410
2411
2413
2414
2419
2420
2421
2422
2423
2424
2425
2426
2427
2428
2429
2430
2431
2432
2433
2434
2436
2437
2438
2439
2440
2441
2442
2443
2445
2446
2447
2448
2449
2450
2451
2452
2453
2454
2455
2456
2457
2458
2459
2460
2461
2462
2463
2464
2465
2466
2467
2468
2469
2470
2471
2472
2473
2474
2476
2477
2478
2479
2483
2484
2485
2486
2487
2488
2489
2493
2494
2495
2496
2497
2501
2502
2503
2504
2505
2506
2507
2508
2509
2510
2511
2513
2514
2515
2516
2517
2518
2519
2520
2526
2527
2528
2529
2530
2531
2532
2533
2534
2535
2536
2537
2539
2540
2545
2546
2547
2552
2553
2554
2555
2557
2559
2560
2561
2562
2563
2565
2566
2567
2568
2569
2570
2571
2573
2574
2575
2576
2577
2578
2580
2581
2582
2583
2584
2586
2587
2588
2589
2591
2592
2593
2595
2598
2600
2601
2602
2603
2604
2605
2607
2608
2609
2613
2614
2615
2616
2617
2618
2620
2621
2623
2624
2629
2631
2633
2634
2643
2644
2645
2646
2647
2652
2653
2654
2656
2657
2658
2659
2661
2662
2666
2668
2669
2670
2671
2672
2673
2674
2675
2676
2677
2679
2680
2682
2683
2684
2687
2690
2691
2692
2694
2695
2696
2697
2698
2699
2700
2701
2702
2703
2704
2705
2706
2707
2708
2713
2714
2715
2718
2719
2720
2721
2722
2723
2725
2728
2729
2730
2731
2734
2735
2736
2737
2738
2739
2740
2741
2742
2743
2744
2747
2748
2749
2750
2751
2752
2756
2759
2764
2765
2766
2767
2770
2771
2772
2773
2776
2777
2778
2779
2780
2787
2788
2791
2792
2793
2794
2795
2796
2797
2798
2799
2800
2801
2802
2803
2804
2805
2806
2807
2811
2812
2813
2819
2831
2832
2833
2834
2835
2836
2837
2840
2841
2842
2843
2844
2845
2846
2848
2849
2850
2854
2855
2856
2857
2858
2861
2863
2864
2865
2866
2867
2868
2869
2870
2871
2872
2873
2874
2875
2876
2877
2878
2879
2880
2881
2883
2884
2885
2886
2887
2888
2889
2890
2891
2892
2893
2894
2895
2896
2897
2898
2899
2900
2901
2902
2903
2904
2905
2906
2907
2908
2909
2910
2911
2912
2913
2914
2915
2916
2917
2918
2919
2920
2921
2922
2923
2924
2928
2929
2930
2931
2932
2933
2934
2935
2936
2937
2938
2945
2946
2947
2948
2949
2950
2951
2952
2953
2954
2955
2956
2957
2958
2959
2960
2961
2962
2963
2964
2965
2966
2969
2970
2971
2972
2974
2975
2976
2977
2979
2980
2981
2983
2984
2985
2986
2987
2988
2989
2990
2992
2993
2994
2996
2997
2998
3001
3002
3003
3004
3005
3008
3009
3010
3011
3015
3017
3018
3019
3020
3021
3025
3026
3027
3028
3029
3032
3033
3034
3037
3038
3039
3042
3043
3044
3045
3046
3051
3052
3053
3055
3056
3060
3061
3062
3064
3065
3066
3067
3069
3070
3071
3072
3076
3078
3079
3080
3081
3082
3083
3085
3087
3088
3089
3090
3091
3094
3095
3098
3099
3100
3101
3104
3105
3111
3112
3113
3114
3117
3118
3119
3120
3123
3125
3126
3127
3128
3129
3135
3136
3137
3138
3140
3141
3142
3144
3145
3146
3147
3148
3149
3150
3151
3153
3154
3155
3156
3157
3158
3159
3160
3161
3162
3163
3164
3165
3166
3169
3170
3171
3172
3173
3174
3175
3176
3177
3178
3179
3180
3181
3182
3187
3188
3192
3198
3199
3200
3201
3205
3207
3209
3211
3212
3213
3215
3216
3217
3218
3219
3221
3222
3223
3224
3226
3227
3228
3231
3232
3234
3235
3236
3238
3239
3240
3241
3243
3245
3247
3250
3251
3252
3253
3256
3257
3259
3260
3261
3264
3265
3266
3268
3269
3270
3272
3273
3275
3276
3277
3278
3281
3282
3283
3284
3285
3288
3289
3290
3291
3292
3295
3296
3299
3301
3302
3304
3307
3308
3310
3311
3312
3313
3314
3315
3317
3318
3321
3322
3323
3325
