16396
16397
16407
27
8222
32
8237
8239
16433
8245
16443
16444
16447
8255
8258
8260
8266
8268
8283
91
8286
103
16492
8304
16498
115
16497
8306
140
8339
148
16533
8347
8353
8357
8362
16566
183
16571
16575
8386
198
214
8425
16619
8433
16627
16639
256
16644
16647
274
8468
16666
8492
8494
16689
307
16691
16693
16696
8521
8524
16726
16728
344
16737
16738
8548
358
16746
16749
8562
8563
380
16765
382
16769
388
16783
16784
401
400
16788
8603
8605
16801
16809
427
16815
8628
8637
8642
8651
16867
8676
16870
487
499
16887
504
8704
16902
8719
8721
8724
534
537
8731
16929
8739
8742
16939
565
571
16956
8764
8768
582
16975
8798
8803
619
17011
632
8831
641
17028
17031
17044
664
17048
669
17061
679
17063
17067
8876
8889
700
702
17096
17098
17102
719
17112
17113
738
739
17127
747
8943
753
8948
8951
8952
8953
762
8955
8960
8963
779
783
8986
795
8993
9003
9008
9010
17204
9013
822
9028
842
17227
17235
17241
17246
9055
866
9063
17260
9072
17268
17270
17290
9101
917
17302
924
9116
933
938
17330
9141
17348
975
9182
1005
1008
17409
17413
9222
1030
1038
9236
9237
1050
17441
1067
9260
17456
17457
1072
17461
1113
9318
9329
1138
9331
9335
1155
9348
17540
17548
17555
1178
17581
9396
1208
17596
17598
1220
1226
17611
17619
9432
1245
17633
1252
17638
9470
17673
9492
17682
9501
9507
9508
17711
17713
1330
17721
1342
1348
17740
17746
1366
9559
1368
17761
17785
1403
1414
17797
17801
1419
1423
17808
9618
1438
1447
1456
17841
1459
9653
9655
1468
1472
17876
9692
1508
9701
17893
9703
17898
1517
9713
9716
1530
17920
1538
17940
17947
9755
17949
9757
17957
9781
1592
1593
9789
9792
17985
9795
17989
17995
17998
18002
9824
9836
18028
1653
9860
18054
1673
9868
18061
9876
18076
18081
9893
18089
9904
1733
9935
9936
1745
1755
1759
9955
1766
9961
18156
18173
9984
18176
1796
1801
1810
1812
1815
10009
18215
1849
1856
1857
18250
1867
10064
10065
10066
1881
10075
10076
18269
10079
1899
18291
10100
1912
10107
1919
18304
1927
18312
10129
10135
18328
18327
10143
1952
10145
1955
18352
1968
18355
10170
1984
18383
10194
2010
10203
10205
2018
2026
2030
2037
18426
18431
10241
18434
2051
2054
18438
2057
10251
10254
2068
10264
2072
2073
10266
10271
18481
18489
18496
2113
18498
2125
2132
10327
18525
18533
10347
2160
10359
2172
2180
18565
10380
18575
18578
2196
2199
2202
10409
10416
10418
18615
10425
10426
18620
2240
2247
10448
18641
2258
18643
2271
18658
18669
2286
2288
10480
2293
18677
2311
2313
18705
2324
10526
10528
18731
2349
2355
10547
2362
2363
18749
2378
2379
10585
18789
2416
10612
2433
10626
18822
2441
2443
10636
18830
2455
2471
18865
2487
2492
2497
2504
10696
10702
2512
18901
10710
10711
18904
18909
10722
10725
10731
10732
18925
10733
2545
10738
18930
18932
2548
10745
18972
18976
2604
2609
10802
2614
2619
10818
2628
2631
2637
19030
10845
2654
2665
19051
10874
10882
2691
2694
10902
2711
2714
19105
2724
19127
19136
2754
19149
2765
10961
2780
10974
19174
2796
19188
2808
11002
2818
2816
19225
11045
2859
19250
11065
19261
11072
2888
2897
19284
2901
2911
11114
2929
19316
2937
2940
2944
11140
19333
11147
19345
11161
19357
19365
2990
19376
2993
2996
2998
19391
11206
11210
19403
19402
11216
19410
3028
11224
19417
19416
3035
3038
3046
3057
11250
19449
19450
11259
3077
11270
11271
11269
3080
11280
3089
3092
19479
3095
3115
19501
19506
11315
11319
11322
11323
19521
3145
19532
19537
11345
11348
3158
3163
19547
3166
3169
19562
19564
3182
11377
19570
11383
11384
3199
19584
19586
11393
11397
3211
3213
11410
3220
11420
11428
19622
3244
3254
11446
19644
19645
3262
11458
3269
19653
19670
11493
3313
19697
19699
19700
11512
3323
3324
11522
3367
11562
11573
3382
3383
3406
3410
11607
11608
11612
11620
3434
11643
3459
11656
3468
3486
11685
11694
3507
3510
11704
11705
11717
11730
11734
3547
11748
3561
3571
3580
11776
11781
11786
3595
11789
11821
3629
3633
3641
3645
3650
3657
3685
11887
11896
11901
3720
3722
11914
3730
3732
11924
11946
3758
3759
3776
3785
11987
3801
11999
3818
3824
12023
12039
12041
12044
3862
12056
12060
3875
3876
12091
12105
12119
12124
3943
12136
12146
12147
12168
3994
12189
4004
4008
12205
4031
4044
12266
12268
12271
12277
4104
12300
4111
4121
12322
12351
12352
12358
12360
4186
12379
4190
12393
12394
12395
12400
4213
12410
12413
4228
12424
4266
4287
12488
4308
12503
12509
12512
12517
4345
12544
12549
4361
4364
12557
12556
4377
4378
4381
4385
4386
12586
12587
12602
12606
12620
12631
4441
12644
12653
4466
12659
4474
12674
4486
12679
4496
4499
12702
4511
12716
12727
12729
4545
4549
4561
4567
4583
4592
12785
4595
4613
4619
12815
4627
12832
12837
12838
12839
4658
4665
12875
12881
12889
4701
4706
12911
4719
4724
4725
4726
12928
4736
4746
4760
12954
12955
4772
12967
12973
4782
12975
12996
13005
4816
13025
4843
13038
4858
4859
4860
4866
13072
13079
13081
4890
13087
4897
4898
13103
4931
13127
13131
13132
13145
13148
4957
13151
13152
13155
13174
4983
4998
5000
5005
5012
13207
5015
13214
5026
13231
5040
5043
13244
13247
5068
5072
5081
13282
5093
5094
5099
13292
13306
13313
5128
5141
13333
13361
5173
5184
13381
5189
13389
5206
5209
13421
13424
13426
13427
13443
13456
13459
13470
13473
13477
13480
13486
5296
5310
5315
13524
5351
5357
13546
5361
13558
5370
13566
13574
5384
13599
13600
13601
5413
13610
13615
13625
13631
5442
5449
5454
13684
5512
5530
13726
5544
13745
13751
5583
13787
13805
5621
13827
5636
13865
5675
5676
13881
5695
13899
13905
13914
13915
13927
5737
13938
13941
13945
5755
5762
5769
13962
5778
13971
13970
5781
5790
5798
5812
14005
5819
5822
5827
14020
14032
5849
5860
5870
14072
5880
14102
14104
14121
5930
5932
14146
14153
14158
14167
14178
5991
5995
6007
6009
6008
6013
14206
6038
14237
14242
6059
6062
14266
14274
6087
14282
6091
6116
14314
14318
6137
14332
14340
14343
6177
14372
14380
14382
6191
6194
14398
6224
14434
6242
14441
14446
6255
14470
6284
6303
14500
14501
6311
14504
14505
6327
14519
6330
14527
6341
14541
14565
6382
14585
14595
6410
6429
14628
6455
14656
14658
14665
14674
14677
14702
14703
14706
6515
6516
6544
14752
6562
14755
14764
6573
6577
14774
14776
14778
14796
6609
6623
14817
14819
6628
14828
6646
6647
6651
14845
14848
6666
6667
14865
6679
14876
6687
14884
6722
14918
6739
14936
6762
14955
6771
14974
14984
15004
15011
15014
15018
15036
6855
6865
6874
6882
6885
15090
6909
15102
6918
15126
6939
15134
15138
15142
15144
6962
15163
6975
15172
6981
15183
15185
7018
15231
7051
7065
15273
15287
15292
7106
15300
15308
15312
15319
7137
7155
15350
15354
7164
7167
15388
7197
7204
15430
7238
7241
7248
7263
15473
7287
7291
7298
7299
7310
15504
7318
15511
15515
7324
15523
15530
15538
15560
7381
7387
15593
15596
15597
15599
15601
15605
15609
15614
15616
7427
7460
7461
7477
7506
7514
15720
7539
7566
15759
7569
7570
7576
15789
7598
7600
7603
7606
15814
15827
7635
15834
7646
15838
15842
7652
7653
7656
15859
7672
15867
7683
7687
7696
15908
7718
7741
15942
7754
15961
7788
15990
7805
7826
16045
7860
7867
7868
7869
16079
7889
7899
7902
16095
16103
7912
7914
16110
16116
7927
16143
16145
16148
7965
16161
7978
7983
16180
16182
16203
16205
16207
16213
8021
16216
16218
8028
16222
8051
8058
16251
16256
16262
8070
8072
8078
16275
16285
16289
8114
16309
8124
8151
8152
16354
8169
16363
16371
8180
16376
