8199
6094
16403
6100
14292
16413
14309
6118
34
14296
6123
16427
14311
16424
14324
16415
14342
55
14346
8253
16446
6161
6172
68
6214
16474
6218
14418
8282
16469
6237
98
106
108
6246
16493
6233
14427
14430
14458
6271
112
8307
6275
128
6280
6283
16523
14472
14475
146
8334
6304
6287
16534
138
6299
36
8354
8349
14513
6331
14530
188
195
14546
6364
8400
212
14563
6357
8410
6398
222
6401
6399
14597
6405
14599
233
8411
239
14616
6426
14608
8427
14632
243
8448
16633
14609
14660
273
6466
14663
14668
8465
16662
8473
295
14678
14679
14673
300
6492
14690
8489
16683
14681
310
6489
317
6514
14714
14718
8514
8515
14720
6529
336
14735
16724
6543
328
8537
8543
14763
6564
14771
6598
14791
6603
8569
378
6606
16771
6614
8582
16774
6620
396
16776
14808
16785
6633
14810
14833
6642
8600
16796
8617
17488
14863
16819
14869
16821
14870
16828
437
8638
449
14904
14907
6720
14903
6724
14917
16857
6728
8667
16837
8677
14941
6754
8686
6745
6765
6770
16888
8699
6777
6774
6786
519
16905
16908
6792
14987
16911
6789
6790
6808
6824
15017
16932
16931
6830
550
6831
557
16948
15020
570
6845
15067
15069
15070
16959
8769
6891
16961
6900
16966
6908
15092
8778
6910
595
16980
15110
6919
16968
16991
6943
8797
8804
8806
6942
15148
605
17021
16504
8832
8833
15176
17038
8849
15204
15210
7006
15222
17047
7037
7039
15235
8858
680
17064
7062
7068
7066
8880
15279
17071
7102
7105
8899
1151
17103
7126
727
7139
732
7145
734
737
17117
7165
6257
8934
7179
17129
7195
17132
15392
8944
7207
15415
15421
17141
7237
15428
14464
9355
17152
7244
770
15441
15434
771
17160
7264
15463
15465
784
15477
15479
8977
15484
15487
17169
792
800
809
15494
17199
17190
7322
17201
816
16024
7337
823
7344
825
820
15537
7348
7357
15533
835
7364
9030
15551
9019
7383
15576
7384
7363
17250
7395
17252
870
17239
7408
17256
15606
9073
9075
15610
9086
17279
15627
896
15645
7459
894
9092
7463
913
15660
15663
7447
929
908
7497
9123
7510
7513
936
8399
17334
15729
9158
971
7550
17362
9170
17365
9180
7581
17374
17376
994
7593
7599
9197
8409
17393
7622
17397
1011
7626
15818
7627
1027
17405
17407
17414
15815
1036
9217
17424
9233
7664
8418
1041
7674
17429
9239
7676
15870
15868
17435
15874
17449
15879
8423
15880
7693
9265
7690
17460
15889
15890
17462
234
15897
9274
9272
17470
15902
9291
1085
9309
7747
7745
17496
1109
7766
1122
9305
7772
1123
7796
1127
7802
7803
16007
9328
1140
7822
7834
9337
1143
16050
16042
9349
7858
16063
17549
17554
16077
1176
7876
7890
17564
17578
9377
7908
17585
1203
16104
7916
17591
7919
1210
16113
9411
7937
9417
16141
9423
7955
16135
1243
7962
9437
1248
16165
7977
8454
7982
1258
1263
1262
1277
7991
8010
8009
17664
1285
17667
1298
9480
1299
8027
17685
9493
17691
16229
16254
17710
17712
17718
8081
17723
8084
16281
9540
1351
9543
16303
9547
17741
17743
8121
16315
16296
8130
1372
1374
8142
17774
17780
8154
8153
9600
8170
16370
9605
16374
9616
14659
17813
1433
9630
1451
17842
17844
9657
17851
17867
9683
9684
1499
1500
1501
17894
6480
17903
17911
17915
9724
17919
1539
17928
1548
8513
17935
1561
17948
17950
17952
9769
1583
17967
1585
17970
8520
9790
17986
1603
17992
9807
18000
18001
16164
9827
1648
18042
18075
1693
18083
18084
9900
1711
9908
1722
1723
9915
18108
9918
18113
9924
6520
18124
9939
1750
18137
1771
1772
6528
18164
1780
1783
9982
9986
18182
18185
9996
10000
6537
1809
18194
18193
18202
10021
18218
18222
18230
10042
18239
10047
18246
1869
1870
18253
18256
1875
18260
10063
16307
18271
1890
1892
10084
18278
1894
10093
18296
18303
10112
10115
1931
18346
1967
10162
10164
10161
18353
1975
18372
18374
18379
10189
2001
2012
10214
2033
18417
6604
10232
10234
18430
10242
2062
18447
2071
18463
10283
10291
2102
18491
10307
2118
10313
10319
10329
10342
18536
18554
10368
10382
9297
10387
2198
18582
18589
2207
10401
18595
10404
18597
18599
18601
2219
10421
2230
10432
2241
18628
2248
10449
2269
18666
10477
10483
10484
2294
18682
10495
2303
2309
16845
2317
10509
10511
18703
16846
10514
2326
16850
18724
10533
10543
2360
17497
10555
2384
18770
10582
18775
18777
2395
2396
18781
2399
18790
10598
14559
10645
10646
18839
10658
2477
18863
2485
10681
2494
2505
2511
10720
18918
2542
10734
18943
10751
2575
10768
18982
2600
10798
18996
10810
19006
10815
19014
10823
10830
2639
19023
19033
2651
19042
2673
10867
2686
2688
19073
19078
10888
19086
19091
2709
19095
19099
19107
10918
2727
2732
10929
10936
19134
19145
2775
2783
19187
2810
17647
2812
19196
2814
11008
19200
2820
11021
2833
11026
11031
11033
2841
11036
11052
2865
19252
2869
19254
19255
19256
11071
19268
19276
19281
15816
2905
11099
2921
2925
19310
2930
7736
2934
2939
2946
9319
11143
16960
19346
11160
19356
19358
11171
19363
16965
11183
11185
19380
15040
11199
17518
19404
11212
19412
19415
3045
19432
19433
3050
11261
3070
3076
8791
19478
11291
11296
19488
19489
3106
19497
3119
11316
3129
19513
11327
19527
3152
11352
11360
11366
3185
11380
19578
19585
3203
3206
19588
19601
19605
11417
19611
11422
19615
19614
19619
3235
19623
3242
11435
19632
11441
19633
3252
11445
7764
19636
3264
19650
132
19663
11471
3294
19678
19684
19688
19690
19701
11528
3349
3356
11560
3381
11578
11581
11584
3395
3397
3399
3402
11601
3409
3427
11623
3449
3450
3458
11653
3462
3463
15190
3469
3470
3472
3480
3487
11678
11698
3515
3521
3525
11718
11727
3535
3538
3542
11736
11739
3559
11762
3577
3581
11774
3594
11790
11793
3602
11801
3630
11829
3638
3639
11832
3644
11837
11850
3665
11870
11874
3687
11889
3701
3703
3711
11905
3717
3728
3739
11939
11941
3778
11980
11981
3800
3804
12016
12019
12022
3837
12040
16112
3847
3851
3849
740
3859
12051
12057
3877
3878
3883
12076
3885
12080
3890
3895
3896
3911
3920
12127
3942
12149
12161
3970
12163
3973
3983
3987
12187
3997
3998
12192
4005
4011
12206
4015
4018
4030
12229
4075
4085
4090
4106
4114
15370
4122
4123
4124
4126
12320
4160
4167
4169
12364
4189
12402
4215
4217
4219
4221
12426
16013
12444
4235
8967
4291
4292
12491
4307
4309
12500
4321
12513
8972
12525
12528
4338
12533
4342
12540
4350
12547
9360
4370
4371
4373
12582
12588
4399
4401
4406
4407
12605
4423
4431
7262
4489
4491
4497
4504
12697
12712
4524
12732
12733
4543
4552
12752
12765
12782
12788
12798
12802
4620
4625
12820
4640
12835
4648
12851
12854
12871
12900
12920
12922
12923
12936
4754
12950
4763
4764
12960
4778
12970
4788
4805
13001
17221
13013
13021
4841
4851
4852
13045
13061
4869
4883
13075
17230
848
4899
13090
13096
13113
13115
4924
13130
13144
13150
13164
4974
4991
13189
13203
5011
13206
5017
5034
13239
13243
7362
5062
5078
13334
13338
13353
13355
5164
15564
5176
13375
13376
5186
1198
5193
13386
5199
5214
5219
13414
5228
5234
13430
5241
5249
13448
13453
5277
5288
13488
13495
13500
13505
13506
13509
13513
5328
13528
5341
5347
5353
13545
5355
13548
5365
17586
13572
5381
13578
13586
5406
5409
5414
13614
13624
13637
13638
5480
5486
5494
13686
5505
5508
17314
5522
5545
13736
13744
5553
13757
13765
5593
5599
13796
13834
5644
5656
5664
13870
13872
5686
13883
7881
5702
7466
5711
13910
17589
13917
5738
5739
5750
13946
13949
5757
13953
15669
5763
5764
13955
15672
13967
13977
13979
5794
13988
13990
13993
14001
14012
5832
14024
5844
5848
14042
5891
14096
14099
14100
996
14105
14120
14129
5939
5947
14139
5958
14168
14174
14181
5989
14185
14193
14198
14199
14204
14212
14214
15763
6039
6043
14240
14246
6060
14255
6074
6082
