2051
14340
14342
2054
4106
10251
12300
16396
10254
4111
16397
4114
2068
10264
4122
4123
4124
4126
16415
10271
12322
36
14372
10283
16427
8237
6191
8239
16433
6194
10291
8245
16443
16444
8253
12351
4160
2113
18498
8258
2118
12358
12360
10313
8266
12364
6224
14418
2132
16469
6233
16474
8283
14427
91
14430
8286
14441
10347
12395
14446
8304
112
6257
12402
115
2160
16498
4217
18554
12413
14464
4228
2180
14470
6280
12426
4235
6283
6284
140
18578
148
16533
2196
2199
2202
8347
12444
8349
2207
6304
10401
6303
10404
18597
14501
8357
14505
8362
14513
10421
16566
18615
183
6330
188
4287
14527
16575
2241
4292
6341
198
2247
12491
8399
18641
2258
18643
214
12503
12509
14559
4321
14565
8425
16619
10477
6382
18669
12528
4338
2293
4342
2294
18677
16639
256
8448
10495
12544
12549
8454
14599
2309
4361
2313
16647
4364
12557
2311
10511
14609
10514
4370
2324
274
2326
4371
4373
4378
6429
10526
4385
4386
12582
16683
8492
8494
4399
4401
16689
2355
16693
4406
4407
6455
16696
12602
2363
12606
14656
8513
14658
14659
8520
2379
14668
8524
6480
336
10582
12631
14681
6489
2395
10585
16737
358
16746
16749
12653
14703
2416
14702
14706
6515
6516
8563
4466
8569
4474
378
382
16769
10626
388
18822
6537
2443
396
18830
16783
16784
16785
401
4499
6544
2455
8603
16796
12702
4511
16801
14755
427
14764
2477
12716
18865
14771
8628
14774
10681
14778
12729
8637
8642
16837
6598
2504
2505
8651
6604
16845
6606
16846
10702
6609
16850
18901
10710
6614
14808
16857
14810
18904
18909
10720
14817
16867
8676
16870
4583
10732
18925
12782
2542
4592
12785
10738
4595
18930
6646
6647
10745
6651
12798
18943
8704
12802
6666
4619
6667
2575
10768
4625
8721
12815
14869
18972
14876
6687
18976
8739
16932
14884
12837
12839
16939
557
2609
10802
4658
12851
565
14903
14904
4665
2619
16956
8764
10815
16959
10818
16965
2631
16968
8778
12875
10830
12881
19030
8791
14936
10845
605
8798
4701
14941
2654
8803
12900
6754
8806
6762
619
12911
2673
6770
17011
4724
4726
12922
14974
8831
8832
641
8833
10882
12928
6789
6790
17031
12936
14984
2694
19091
17044
12950
4760
6808
12955
15004
12960
17061
10918
2727
679
15017
17063
15018
8876
680
17064
12975
17071
17067
4788
6845
19136
15040
8899
12996
4805
17096
19149
17102
719
4816
13005
2765
17112
6874
15067
2780
17117
15070
734
10974
740
6885
19174
17127
17129
747
13038
15090
19187
19188
8951
762
8955
4860
15102
17152
11008
2818
770
771
8960
4866
6919
8967
779
8972
11021
13072
11026
11031
19225
13081
6939
15134
800
4898
4899
17190
15144
9003
11052
2865
19250
9010
19252
17204
822
19255
823
11065
15163
6975
4931
9028
842
19276
17230
848
19281
2901
17239
4957
17246
13151
2911
9055
13155
9063
2921
17268
19316
2934
17270
2939
2940
15231
2944
15235
11140
13189
4998
5000
17290
7051
908
5005
9101
19345
5012
17302
13207
11160
7065
11161
19357
13214
929
17314
11171
938
11183
5040
2993
5043
2998
7102
13247
7106
9158
11210
971
15308
5068
19404
5072
15312
17362
19410
3028
17365
15319
11224
19417
3035
9182
7137
13282
7139
3045
5094
3046
19432
19433
3050
5093
1005
1008
3057
11250
19450
15354
7164
3070
7167
9217
13313
17409
3077
9222
11271
5128
1036
1038
17424
9233
3089
3092
9237
17429
5141
9236
13338
1050
15388
11296
17441
19501
17457
19506
11319
17470
13376
19521
13381
15430
19527
5193
15434
3145
19532
13389
5199
7248
17488
9297
11348
5206
17497
7262
3169
1123
19562
19564
13421
17518
19570
13426
13427
11383
7287
11384
1151
3199
5249
19586
19585
7299
11397
15494
11393
9355
9360
13456
17554
17555
15511
11417
7322
11420
11422
19615
13473
15523
19619
19622
13480
3242
15530
17581
1198
13486
19632
11441
17586
15538
17589
1208
19645
3262
3264
1220
1226
17611
19663
7381
19670
15576
1243
1245
3294
17633
17638
5355
13548
5357
1263
17647
5361
3313
19697
5365
15605
11512
5370
3323
15616
17667
7427
5381
9480
11528
1299
9493
17691
9501
5406
15645
13601
5409
9508
5413
7461
3367
7466
13610
15660
13614
13615
17713
7477
15669
3382
13624
15672
17721
11581
11584
3395
1348
13637
9540
3397
5449
3402
3406
11601
1366
11607
11608
7510
1368
1374
17761
11620
5480
15720
3434
7539
13684
5494
17785
3450
11643
7550
9600
3458
3459
9605
3462
1414
11656
1419
7566
1423
9616
7569
5522
15763
9618
3480
9630
11685
1447
5544
5545
1451
13744
5553
1456
1459
3507
9653
7600
3515
15814
15816
7626
15818
15827
17876
7635
3542
11734
5593
11739
13787
7646
5599
11748
7653
9701
17893
3561
17898
13805
9713
3571
9716
5621
15859
7672
15867
11774
15870
17919
1538
7683
13827
11781
5636
11786
7696
17947
9755
17949
17948
15908
7718
9769
13865
11821
13872
3633
7736
3641
1592
3644
3645
11837
9789
9792
17985
3650
1603
17989
17992
7754
11850
18001
13905
18002
13910
7766
15961
13914
11870
9827
3687
5737
7788
9836
11889
13938
1653
5750
15990
13941
11896
18042
5755
7805
13949
3711
5757
5762
5763
5764
3717
3720
3722
11914
18061
13967
5778
13971
7826
5781
13970
16024
13979
1693
5790
13988
9893
16042
11946
3759
1711
14001
7860
5812
9908
14005
1723
7869
5822
5832
7881
14024
16079
9935
1745
9936
14032
5844
7890
7889
9939
3801
18137
7899
5860
1766
7912
7914
3818
7919
16112
12019
18164
16116
7927
9982
9984
18176
1796
18182
16135
12039
3851
14096
1809
1810
14099
18194
14104
12056
10009
16161
3875
16164
14120
7977
7978
14121
5932
3885
7983
16180
16182
1849
5947
18239
1857
12105
14153
16203
16205
14158
16207
10064
10065
1875
14167
14168
1881
10075
8028
12124
16222
10079
18269
14178
1892
3943
12136
5991
1899
12146
8051
12147
1912
18303
1919
16256
14212
16262
1927
8070
1931
3983
10129
8081
3987
6038
6039
6043
3997
16285
12189
12192
10145
14242
4004
4005
16296
4011
6060
6059
12206
1967
18352
1968
10162
16307
18355
16309
12205
1975
6074
14266
4031
18372
18374
18379
18383
6100
14292
8152
8153
2018
8169
14314
4075
12266
2026
6123
2030
12271
8180
4085
12277
16376
18426
14332
18430
18431
