14342
4106
12300
10254
4111
4114
2068
16415
36
10283
8237
10291
2118
10313
12364
6224
16469
6233
14427
8283
14430
8286
14441
8304
112
6257
12402
115
2160
4217
14464
14470
4235
6283
6284
140
8349
2207
6304
10401
10404
18597
14501
14513
10421
188
4287
14527
4292
6341
12491
214
12503
14559
4321
14565
10477
6382
12528
4338
4342
2294
12549
8454
4364
12557
10511
14609
10514
4370
2326
12582
16683
8492
8494
4399
4401
2355
12602
2363
8513
14658
14659
8520
2379
6480
10582
12631
14681
6489
2395
16749
2416
6515
6516
8563
8569
4474
378
388
18822
6537
2443
396
16785
401
2455
16796
12702
14755
14764
14774
10681
14778
8642
16837
6598
2504
2505
6604
16845
6606
16846
16850
10710
14808
16857
14810
18909
10720
16867
4583
10732
18925
12782
4592
6646
6647
6651
12798
4619
2575
10768
4625
14869
18976
16932
12839
10802
565
14903
2619
16956
10815
16965
2631
10830
19030
8791
10845
605
8798
4701
8803
12900
8806
17011
4724
12922
8831
8832
641
6789
6790
12936
19091
17044
12950
4760
6808
12960
10918
2727
679
15017
17063
15018
8876
12975
17071
4788
6845
19136
15040
8899
4805
17096
719
4816
17117
740
17127
13038
15090
19187
19188
8951
15102
17152
11008
2818
770
771
8960
6919
8967
8972
11021
11026
11031
19225
6939
800
4898
4899
17190
11052
2865
19250
19255
11065
6975
4931
19276
17230
848
2901
17239
17246
13155
2921
17268
2934
17270
2939
2940
11140
13189
4998
908
5005
9101
13207
11160
7065
929
17314
11183
5040
2993
5043
2998
13247
9158
11210
971
15308
5072
17362
3028
17365
19417
13282
7139
5094
19432
19433
3050
7167
9217
13313
3077
9222
1038
17424
9233
3092
9237
13338
11296
19506
19521
5193
15434
5199
7248
17488
9297
17497
7262
3169
19562
19564
17518
11383
7287
1151
5249
19586
19585
7299
11397
15494
9355
9360
15511
11422
19615
13473
19619
15523
3242
17581
1198
19632
17586
17589
1208
1226
19663
1245
3294
5355
13548
5357
1263
17647
5361
5365
15605
5370
17667
9480
1299
9493
9501
5406
13601
9508
3367
7466
13614
13615
7477
15669
13624
15672
11581
11584
3395
1348
13637
3402
3406
11601
1366
11607
11608
5480
3434
13684
5494
3450
11643
7550
3459
9605
3462
1414
7566
9616
7569
5522
15763
3480
9630
11685
5545
13744
5553
1456
9653
15816
15827
17876
7635
3542
11734
5593
5599
11748
17898
3571
9716
5621
15867
11774
15870
17919
11786
7696
17947
9755
17949
9769
13865
11821
3633
7736
3641
3644
3645
3650
17992
18001
9827
3687
7788
11889
1653
5750
15990
7805
13949
3711
5757
5763
5764
3717
3722
13967
5778
13971
16024
1693
5790
16042
11946
3759
14001
7860
5812
9908
5822
5832
7881
1745
5844
3801
7912
7914
16112
12019
18164
9982
9984
18182
16135
12039
3851
14096
1809
1810
14099
14104
12056
16161
3875
16164
14120
7977
3885
7983
16182
1849
1857
12105
16205
14158
10064
1875
14167
14168
10075
8028
12124
14178
1892
3943
1899
18303
1919
14212
16262
1927
3983
10129
3987
6038
6039
6043
3997
12192
16296
6060
12206
1967
18352
1968
16307
1975
6074
18372
18374
6100
14292
8152
8153
2018
14314
4075
8180
4085
16376
18426
14332
18430
