16396
16397
16415
32
36
16427
8237
8239
16433
8245
16443
16444
8253
16447
8258
8266
8268
16469
16474
8283
91
8286
8304
112
16498
115
16497
8306
128
140
8334
146
8339
148
16533
16534
8347
8349
8353
8357
8362
16566
183
188
16575
195
198
8399
212
214
8409
8411
8423
8425
16619
8427
16633
16639
256
8448
8454
16647
274
295
16683
8492
8494
16689
16693
16696
317
8513
8514
8515
8520
8524
336
16726
16737
358
16746
16749
8562
8563
8569
378
380
382
16769
388
8582
396
16783
16784
16785
401
400
8603
16796
16801
427
8628
16821
16828
8637
8642
16837
8651
16845
16846
16850
16857
16867
8676
16870
8686
16887
8699
8704
8719
8721
8739
16932
8742
16939
557
16948
565
16956
8764
16959
8768
8769
16965
16966
16968
8778
16980
8791
605
8798
16991
8797
8803
8806
619
17011
8831
8832
641
8833
17031
17038
17044
664
17048
8858
669
17061
679
17063
680
17064
17067
8876
17071
8880
700
702
8899
17096
17102
719
17103
727
17112
17113
17117
734
738
740
8934
17127
17129
747
753
8951
8953
762
8955
17152
8960
770
771
8963
8967
17160
779
8972
17169
792
800
17190
9003
9010
17204
9013
822
823
825
9028
842
17230
848
17239
17246
9055
17252
9063
17256
17268
17270
9086
17279
17290
908
9101
917
17302
924
9116
929
17314
938
17348
9158
971
17362
17365
9182
1005
1008
17407
9217
17409
1027
9222
1036
1038
17424
9233
9236
9237
17429
9239
1050
17441
9260
17456
17457
9272
9274
17470
17488
9297
1109
17497
9309
1122
1123
1127
17518
9335
9337
1151
9348
9355
9360
17554
17555
1176
1178
9377
17578
17581
1198
17586
17589
1208
1210
9411
1220
1226
17611
9423
1243
1245
17633
17638
1258
1263
17647
1277
17664
17667
9480
1299
9493
17685
17691
9501
9508
17713
17721
1348
9540
1351
9543
9547
17741
17746
1366
9559
1368
1374
17761
17785
9600
9605
1414
17797
17801
1419
1423
9616
9618
9630
1438
1447
1451
1456
1459
9653
1472
17876
1499
1500
1501
9701
17893
9703
17898
9713
9716
9724
17919
1538
1548
1561
17947
9755
17949
17948
9769
1583
1592
9789
9792
17985
17986
1603
17989
17992
17995
18000
18001
18002
9827
9836
1653
18042
18061
18075
18076
1693
18081
9893
1711
9908
1723
9915
18108
18113
9924
18124
9935
9936
1745
9939
18137
1766
1772
18164
1780
18173
9982
9984
18176
1796
18182
1809
1810
18194
10009
18202
10021
1849
18239
1856
1857
18246
1867
1869
1870
18253
10064
10065
18256
1875
18260
1881
10075
10076
18269
10079
18271
1890
1892
18278
1899
10093
1912
18296
18303
1919
18304
10112
1927
1931
10129
10145
1967
18352
1968
10162
18355
10164
1975
18372
18374
18379
18383
10194
2018
2026
2030
10234
18426
18430
18431
2051
2054
18438
10251
10254
2068
10264
10271
10283
10291
2113
18498
2118
10313
2132
10329
10347
2160
18554
2180
18578
10387
2196
2198
2199
18582
2202
18589
2207
10401
10404
18597
2219
10421
18615
10432
2241
18628
2247
10448
18641
2258
18643
18658
18666
10477
18669
10483
2293
2294
18677
10495
2309
2311
2313
2317
10511
10514
2324
2326
10526
18724
2349
2355
2362
2363
2378
2379
2384
18770
10582
10585
18777
2395
2396
18781
18790
2416
10626
18822
2441
2443
18830
2455
2477
18863
18865
10681
2494
2497
2504
2505
10702
2511
18901
10710
10711
18904
18909
10720
10722
18918
10732
18925
2542
10733
10738
18930
18932
10745
18943
2575
10768
18972
18976
2609
10802
2619
10815
10818
19014
2631
10830
2639
19030
10845
2654
19042
2673
10867
19073
10882
2694
19078
19091
2709
10902
19095
2711
19099
10918
2727
2732
10936
19136
2754
19149
2765
2775
2780
10974
19174
2796
19187
19188
11008
2818
11021
11026
11031
19225
11045
2859
11052
2865
19250
19252
19255
11065
11072
19276
19281
2901
2911
2921
19310
2929
19316
2934
2939
2940
2944
11140
11143
19345
11160
11161
19357
19358
11171
19363
11183
2993
2998
11206
11210
19404
11212
19410
3028
11224
19417
19416
3035
3045
3046
19432
19433
3050
3057
11250
19450
3070
3077
11271
3089
3092
11291
11296
19488
19501
19506
11319
11327
19521
19527
3145
19532
3152
11348
11360
3169
19562
19564
3182
19570
11380
11383
11384
3199
19585
19586
11393
3203
11397
3206
3213
19605
11417
19611
11420
11422
19615
19614
19619
19622
3242
11435
3244
19632
11441
19645
3262
3264
3269
19663
11471
19670
3294
19684
19688
19690
3313
19697
11512
3323
11522
11528
3349
3367
11573
3382
3383
11581
11584
3395
3397
3402
3406
11601
3409
11607
11608
11620
3434
3449
3450
11643
3458
3459
3462
11656
3472
3480
11685
11698
3507
3515
3525
11718
11717
11727
3542
11734
11736
11739
11748
3561
3571
3581
11774
11781
11786
3594
11789
11793
11801
11821
3630
3629
3633
11832
3641
3644
3645
11837
3650
11850
11870
3687
11889
3701
11896
11901
3711
3717
3720
3722
11914
3728
11939
11941
11946
3759
3776
3801
3818
3824
12019
12022
12039
12040
3851
12056
12057
12060
3875
3877
3885
3896
12091
12105
3920
12119
12124
3943
12136
12146
12147
12149
3983
3987
3994
12187
3997
12189
3998
12192
4004
4005
4011
12205
12206
4030
4031
12266
4075
12271
4085
12277
4106
12300
4111
4114
4122
4123
4124
4126
12320
12322
12351
4160
12352
12358
12360
4169
12364
4190
12395
12402
4213
4217
4219
12413
4228
12426
4235
12444
4287
4291
4292
12488
12491
4307
4308
12503
12509
12512
4321
12517
12528
4338
12533
4342
12544
12549
4361
4364
12557
12556
4370
4371
4373
4378
4385
4386
12582
4399
4401
4406
4407
12602
12605
12606
4423
12631
12653
4466
4474
12679
4499
12702
4511
12712
12716
12729
12732
4545
12752
4567
4583
12782
4592
12785
4595
12798
12802
4613
4619
4620
12815
4625
4627
12820
4640
12835
12837
12838
12839
4658
12851
4665
12875
12881
4701
12900
12911
4719
4724
4725
4726
12922
12928
4736
12936
4754
12950
4760
12955
4763
12960
4778
12973
12975
4788
12996
4805
13005
4816
13038
4859
4860
4866
4869
13061
13072
13081
4898
4899
13090
4931
13130
13132
13144
4957
13151
13155
4991
13189
4998
5000
5005
5012
13207
13214
13231
5040
5043
13239
13243
13244
13247
5068
5072
13282
5093
5094
13292
13313
5128
5141
13334
13338
13353
5173
13375
13376
13381
5193
13389
5199
5206
5209
13421
13426
13427
5234
13430
5249
13443
13448
13453
13456
13473
13480
13486
5296
13488
13500
13506
5328
5355
13548
5357
5361
5365
13558
5370
13572
5381
13578
5406
13599
13601
5409
5413
13610
13614
13615
13624
13625
13637
5449
5480
13684
5494
13686
5512
5522
5544
5545
13744
5553
13745
5593
13787
5599
13796
13805
5621
13827
5636
13834
5664
13865
5675
13872
13905
13910
13914
13917
5737
13938
13941
5750
13945
5755
13949
5757
5762
5763
5764
13967
5778
13971
13970
5781
13979
5790
13988
13990
14001
5812
14005
14012
5822
14020
5832
14024
14032
5844
5848
14042
5860
14096
14099
14104
14120
14121
5932
5947
14139
14153
14158
14167
14168
14178
14181
5991
14185
5995
14204
6013
14212
6038
6039
6043
14242
6059
6060
14255
6074
14266
6087
6100
14292
14309
14314
6123
14318
14332
14340
14342
14372
6191
6194
6224
14418
6233
14427
6237
14430
14441
14446
6257
14458
6271
14464
14470
6280
6283
6284
6287
6299
6303
6304
14501
14504
14505
14513
6330
6331
14527
6341
6357
6364
14559
14563
14565
6382
6401
14595
14597
14599
14609
14616
6429
14628
6455
14656
14658
14659
14665
14668
6480
14673
14678
14681
6489
14702
14703
14706
6515
6516
6514
6520
14714
6537
14735
6544
14752
6562
14755
14764
14771
14774
14778
6598
14791
6603
6604
6606
6609
6614
14808
14810
14817
6628
6642
6646
6647
6651
14845
6666
6667
14869
14876
6687
14884
14903
14904
14907
6720
6724
6728
14936
14941
6754
6762
14955
6770
6771
6777
14974
6786
6789
6790
14984
6808
15004
15017
15018
6830
6845
15040
6874
15067
15070
6885
15090
6900
15102
6919
6939
15134
6943
15142
15144
15148
15163
6975
7006
15204
15210
7018
15231
7039
15235
7051
7065
7102
7106
15308
15312
15319
7137
7139
7145
15354
7164
7167
7195
15388
7204
15415
15421
15430
7238
15434
7248
15441
7262
7287
7291
15484
7299
15494
15511
7322
7324
15523
7337
15530
7344
15538
7362
7381
15576
15599
7408
15605
15606
15616
7427
7447
15645
7461
7463
7466
15660
7477
15669
15672
7510
7513
15720
7539
7550
7566
7569
15763
7581
7593
7599
7600
15814
7622
15816
15815
7626
15818
15827
7635
7646
15842
7653
15859
7672
15867
7676
15870
7683
15879
7687
7690
7696
15890
15897
15902
15908
7718
7736
7754
7764
7766
15961
7788
15990
7802
7805
7826
16024
7834
16042
16050
7860
7867
7869
16063
7881
16079
7889
7890
7899
7902
7908
7912
7914
7916
16110
7919
16112
16116
7927
16135
16141
16145
16161
16164
7977
7978
7982
7983
16180
16182
7991
8010
16203
16205
16207
16213
8028
16222
8051
16254
16256
16262
8070
8081
16275
16281
16285
16296
16307
16309
16315
8151
8152
8153
8169
16370
16371
8180
16374
16376
