8199
16396
16397
16403
16407
27
16413
8222
16415
32
34
36
16424
16427
8237
8239
16433
8245
55
16443
16444
8253
16446
16447
8255
8258
8260
68
8266
8268
16469
16474
8283
91
8282
8286
98
103
106
108
16493
16492
8304
112
16498
115
16497
8306
8307
16504
128
132
138
16523
140
8334
146
8339
148
16533
16534
8347
8349
8353
8354
8357
8362
16566
183
16571
188
16575
8386
195
198
8399
8400
212
214
8409
8410
8411
222
8418
8423
233
8425
234
16619
8427
239
8433
243
16627
16633
16639
256
8448
16644
8454
16647
273
274
8465
8468
16662
8473
16666
295
8489
16683
8492
300
8494
16689
307
16691
16693
310
16696
317
8513
8514
8515
8520
328
8521
8524
336
16724
16726
16728
344
8537
8543
16737
16738
8548
358
16746
16749
8562
8563
8569
378
380
16765
382
16769
16771
388
8582
16774
16776
396
16783
16784
16785
401
400
16788
8600
8603
16796
8605
16801
8617
16809
427
16815
16819
8628
16821
437
16828
8637
8638
449
8642
16837
8651
16845
16846
16850
16857
8667
16867
8676
8677
16870
487
8686
499
16887
16888
504
8699
8704
16902
519
16905
16908
8719
16911
8721
8724
534
537
8731
16929
8739
16932
16931
8742
550
16939
557
16948
565
570
571
16956
8764
16959
8768
8769
16960
16961
16965
16966
582
16968
8778
16975
595
16980
8791
605
8798
16991
8797
8803
8804
8806
619
17011
632
17021
8831
8832
641
8833
17028
17031
17038
8849
17044
17047
664
17048
8858
669
17061
679
17063
680
17064
17067
8876
17071
8880
8889
700
702
8899
17096
17098
17102
719
17103
727
17112
17113
732
17117
734
737
738
739
740
8934
17127
17129
747
17132
8943
8944
753
8948
17141
8951
8952
8953
762
8955
17152
8960
770
771
8963
8967
17160
779
8972
783
784
17169
8977
792
8986
795
800
8993
17190
809
9003
17199
9008
17201
9010
816
17204
9013
822
823
820
825
9019
835
9028
17221
9030
842
17227
17230
848
17235
17239
17241
17246
9055
17250
866
17252
870
9063
17256
17260
9072
9073
9075
17268
17270
9086
17279
894
896
9092
17290
908
9101
913
917
17302
924
9116
929
17314
9123
933
936
938
17330
9141
17334
17348
9158
971
975
17362
9170
17365
9180
9182
17374
17376
994
996
1005
9197
1008
17393
1011
17397
17405
17407
9217
17409
1027
17413
9222
17414
1030
1036
1038
17424
9233
1041
9236
9237
17429
9239
1050
17435
17441
17449
1067
9260
17456
17457
9265
1072
17460
17461
17462
9272
9274
1085
17470
9291
17488
9297
1109
17496
17497
1113
9305
9309
1122
1123
9318
1127
9319
17518
9328
9329
1138
9331
1140
9335
1143
9337
1151
1155
9348
9349
17540
9355
17548
17549
9360
17554
17555
1176
1178
17564
9377
17578
17581
1198
17585
17586
1203
9396
17589
17591
1208
1210
17596
17598
9411
1220
9417
1226
17611
9423
17619
9432
1243
1245
9437
1248
17633
1252
17638
1258
1262
1263
17647
1277
9470
17664
17667
1285
9480
17673
1298
1299
9492
9493
17685
17682
17691
9501
9507
9508
17710
17711
17712
17713
1330
17718
17721
17723
1342
1348
9540
1351
9543
9547
17740
17741
17743
17746
1366
9559
1368
1372
1374
17761
17774
17780
17785
1403
9600
9605
1414
17797
17801
1419
1423
9616
17808
9618
17813
1433
9630
1438
1447
1451
1456
17841
17842
1459
17844
9653
9655
9657
17851
1468
1472
17867
9683
17876
9684
1499
1500
1501
9692
1508
9701
17893
9703
17894
17898
1517
17903
9713
9716
17911
1530
17915
9724
17919
17920
1538
1539
17928
1548
17935
17940
1561
17947
9755
17949
17948
9757
17950
17952
17957
9769
1583
17967
1585
17970
9781
1592
1593
9789
9790
9792
17985
17986
1603
9795
17989
17992
17995
17998
9807
18000
18001
18002
9824
9827
9836
18028
1648
1653
18042
9860
18054
1673
9868
18061
9876
18075
18076
1693
18081
18083
18084
9893
18089
9900
1711
9904
9908
1722
1723
9915
18108
9918
18113
9924
1733
18124
9935
9936
1745
9939
1750
18137
1755
1759
9955
1766
9961
1771
1772
18156
18164
1780
1783
18173
9982
9984
18176
9986
1796
18182
18185
1801
9996
10000
1809
1810
18194
1812
18193
1815
10009
18202
10021
18215
18218
18222
18230
1849
10042
18239
1856
1857
10047
18246
18250
1867
1869
1870
18253
10064
10065
18256
1875
18260
10066
10063
1881
10075
10076
18269
10079
18271
1890
1892
10084
18278
1894
1899
10093
18291
10100
1912
18296
10107
18303
1919
18304
10112
10115
1927
18312
1931
10129
10135
18328
18327
10143
1952
10145
1955
18346
1967
18352
1968
10162
18355
10164
10161
18353
1975
10170
1984
18372
18374
18379
10189
18383
2001
10194
2010
10203
2012
10205
2018
10214
2026
2030
2033
18417
2037
10232
10234
18426
18430
18431
10241
18434
2051
10242
2054
18438
2057
10251
10254
2062
18447
2068
2071
10264
2072
2073
10266
10271
18463
10283
18481
10291
2102
18489
18491
18496
2113
18498
10307
2118
10313
2125
10319
2132
10327
10329
18525
18533
10342
18536
10347
2160
10359
18554
2172
10368
2180
18565
10380
10382
18575
18578
10387
2196
2198
2199
18582
2202
18589
2207
10401
18595
10404
18597
18599
18601
10409
2219
10416
10418
10421
2230
18615
10425
10426
18620
10432
2241
2240
18628
2247
2248
10448
18641
2258
18643
10449
2269
2271
18658
18666
10477
18669
2286
2288
10480
10483
10484
2293
2294
18677
18682
10495
2303
2309
2311
2313
2317
10509
10511
18703
18705
10514
2324
2326
10526
10528
18724
10533
18731
2349
10543
2355
10547
2360
2362
2363
10555
18749
2378
2379
2384
18770
10582
18775
10585
18777
2395
2396
18781
2399
18789
18790
10598
2416
10612
2433
10626
18822
2441
2443
10636
18830
10645
10646
2455
18839
10658
2471
2477
18863
18865
2485
2487
10681
2492
2494
2497
2504
2505
10696
10702
2511
2512
18901
10710
10711
18904
18909
10720
10722
10725
18918
10731
10732
18925
2542
10733
10734
2545
10738
18930
18932
2548
10745
18943
10751
2575
10768
18972
18976
18982
2600
2604
10798
2609
10802
18996
2614
10810
2619
19006
10815
10818
2628
19014
2631
10823
2637
10830
2639
19023
19030
19033
2651
10845
2654
19042
2665
19051
2673
10867
10874
2686
2688
19073
10882
2691
2694
19078
10888
19086
19091
2709
10902
19095
2711
2714
19099
19105
19107
2724
10918
2727
2732
10929
19127
10936
19134
19136
2754
19145
19149
2765
10961
2775
2780
10974
2783
19174
2796
19187
19188
2808
2810
11002
2812
19196
2814
11008
19200
2818
2816
2820
11021
2833
11026
11031
19225
11033
2841
11036
11045
2859
11052
2865
19250
19252
2869
19254
19255
19256
11065
19261
11071
11072
19268
2888
19276
19281
2897
19284
2901
2905
11099
2911
2921
11114
2925
19310
2929
2930
19316
2934
2937
2939
2940
2944
2946
11140
19333
11143
11147
19345
19346
11160
11161
19356
19357
19358
11171
19363
19365
2990
11183
19376
2993
11185
19380
2996
2998
11199
19391
11206
11210
19403
19404
11212
19402
11216
19410
3028
19412
19415
11224
19417
19416
3035
3038
3045
3046
19432
19433
3050
3057
11250
19449
19450
11259
11261
3070
3076
3077
11270
11271
11269
3080
11280
3089
3092
19478
19479
3095
11291
11296
19488
19489
3106
19497
3115
19501
3119
19506
11315
11316
11319
3129
11322
19513
11323
11327
19521
19527
3145
19532
3152
19537
11345
11348
3158
11352
3163
19547
3166
11360
3169
11366
19562
19564
3182
11377
19570
3185
11380
11383
11384
19578
3199
19584
19585
19586
11393
3203
11397
3206
19588
3211
3213
19601
11410
3220
19605
11417
19611
11420
11422
19615
19614
19619
3235
11428
19622
19623
3242
11435
3244
19632
11441
19633
3252
11445
3254
11446
19636
19644
19645
3262
3264
19650
11458
3269
19653
19663
11471
19670
3294
19678
19684
11493
19688
19690
3313
19697
19699
19700
19701
11512
3323
3324
11522
11528
3349
3356
3367
11560
11562
11573
3382
3383
3381
11578
11581
11584
3395
3397
3399
3402
3406
11601
3409
3410
11607
11608
11612
3427
11620
11623
3434
3449
3450
11643
3458
3459
11653
3462
3463
11656
3468
3469
3470
3472
3480
3486
3487
11678
11685
11694
11698
3507
3510
11704
11705
3515
3521
3525
11718
11717
11727
3535
3538
11730
3542
11734
11736
11739
3547
11748
3559
3561
11762
3571
3577
3580
3581
11774
11776
11781
11786
3594
3595
11789
11790
11793
3602
11801
11821
3630
3629
3633
11829
3638
3639
11832
3641
3644
3645
11837
3650
3657
11850
3665
11870
11874
3685
3687
11887
11889
3701
3703
11896
11901
3711
11905
3717
3720
3722
11914
3728
3730
3732
11924
3739
11939
11941
11946
3758
3759
3776
3778
3785
11980
11981
11987
3800
3801
3804
11999
3818
3824
12016
12019
12022
12023
3837
12039
12040
12041
3847
3851
3849
12044
3859
12051
3862
12056
12057
12060
3875
3876
3877
3878
3883
12076
3885
12080
3890
3895
3896
12091
3911
12105
3920
12119
12124
12127
3942
3943
12136
12146
12147
12149
12161
3970
12163
3973
12168
3983
3987
3994
12187
3997
12189
3998
12192
4004
4005
4008
4011
12205
12206
4015
4018
4030
4031
12229
4044
12266
4075
12268
12271
4085
12277
4090
4104
4106
12300
4111
4114
4121
4122
4123
4124
4126
12320
12322
12351
4160
12352
12358
4167
12360
4169
12364
4186
12379
4189
4190
12393
12394
12395
12400
12402
4213
4215
4217
12410
4219
12413
4221
4228
12424
12426
4235
12444
4266
4287
4291
4292
12488
12491
4307
4308
4309
12500
12503
12509
12512
4321
12513
12517
12525
12528
4338
12533
4342
4345
12540
4350
12544
12547
12549
4361
4364
12557
12556
4370
4371
4373
4377
4378
4381
4385
4386
12582
12586
12587
12588
4399
4401
4406
4407
12602
12605
12606
4423
12620
4431
12631
4441
12644
12653
4466
12659
4474
12674
4486
12679
4489
4491
4496
4497
4499
4504
12697
12702
4511
12712
12716
4524
12727
12729
12732
12733
4543
4545
4549
4552
12752
4561
4567
12765
4583
12782
4592
12785
4595
12788
12798
12802
4613
4619
4620
12815
4625
4627
12820
4640
12832
12835
12837
12838
12839
4648
4658
12851
12854
4665
12871
12875
12881
12889
4701
4706
12900
12911
4719
4724
4725
4726
12920
12922
12923
12928
4736
12936
4746
4754
12950
4760
12954
4763
4764
12955
12960
4772
12967
4778
12970
12973
4782
12975
4788
12996
4805
13001
13005
4816
13013
13021
13025
4841
4843
13038
4851
4852
13045
4858
4859
4860
4866
13061
4869
13072
4883
13075
13079
13081
4890
13087
4897
4898
4899
13090
13096
13103
13113
13115
4924
4931
13127
13130
13131
13132
13144
13145
13148
4957
13150
13151
13152
13155
13164
4974
13174
4983
4991
13189
4998
5000
5005
13203
5012
5011
13206
13207
5015
5017
13214
5026
5034
13231
5040
5043
13239
13243
13244
13247
5062
5068
5072
5078
5081
13282
5093
5094
5099
13292
13306
13313
5128
5141
13334
13333
13338
13353
13355
5164
13361
5173
5176
13375
13376
5184
5186
13381
5189
5193
13386
13389
5199
5206
5209
5214
5219
13414
5228
13421
13424
13426
13427
5234
13430
5241
5249
13443
13448
13453
13456
13459
5277
13470
13473
13477
13480
5288
13486
5296
13488
13495
13500
5310
13505
13506
5315
13509
13513
5328
13524
13528
5341
5347
5351
5353
13545
5355
13548
5357
13546
5361
5365
13558
5370
13566
13572
5381
13574
5384
13578
13586
5406
13599
13600
13601
5409
5413
5414
13610
13614
13615
13624
13625
13631
5442
13637
13638
5449
5454
5480
5486
13684
5494
13686
5505
5508
5512
5522
5530
13726
5544
5545
13736
13744
5553
13745
13751
13757
13765
5583
5593
13787
5599
13796
13805
5621
13827
5636
13834
5644
5656
5664
13865
5675
5676
13870
13872
5686
13881
13883
5695
5702
13899
5711
13905
13910
13914
13915
13917
13927
5737
5738
5739
13938
13941
5750
13945
13946
5755
13949
5757
13953
5762
5763
5764
13955
5769
13962
13967
5778
13971
13970
5781
13977
13979
5790
5794
13988
13990
5798
13993
14001
5812
14005
5819
14012
5822
5827
14020
5832
14024
14032
5844
5848
5849
14042
5860
5870
14072
5880
5891
14096
14099
14100
14102
14104
14105
14120
14121
5930
5932
14129
5939
5947
14139
14146
5958
14153
14158
14167
14168
14174
14178
14181
5989
5991
14185
5995
14193
14198
6007
14199
6009
6008
14204
6013
14206
14212
14214
6038
6039
6043
14237
14240
14242
14246
6059
6060
6062
14255
6074
14266
14274
6082
6087
14282
6091
6094
6100
14292
14296
6116
14309
6118
14311
14314
6123
14318
14324
6137
14332
14340
14342
14343
14346
6161
6172
6177
14372
14380
14382
6191
6194
14398
6214
6218
6224
14418
6233
14427
6237
14430
14434
6242
6246
14441
14446
6255
6257
14458
6271
14464
6275
14470
6280
14472
6283
6284
14475
6287
6299
6303
6304
14500
14501
6311
14504
14505
14513
6327
14519
6330
6331
14527
14530
6341
14541
14546
6357
6364
14559
14563
14565
6382
14585
6398
6399
6401
14595
14597
6405
14599
6410
14608
14609
14616
6426
6429
14628
14632
6455
14656
14658
14659
14660
6466
14663
14665
14668
6480
14673
14674
14677
14678
14679
14681
6489
6492
14690
14702
14703
14706
6515
6516
6514
6520
14714
14718
6528
14720
6529
6537
14735
6544
6543
14752
6562
14755
6564
14763
14764
6573
6577
14771
14774
14776
14778
6598
14791
6603
6604
14796
6606
6609
6614
14808
14810
6620
6623
14817
14819
6628
6633
14828
14833
6642
6646
6647
6651
14845
14848
6666
6667
14863
14865
14869
14870
6679
14876
6687
14884
14903
14904
14907
6720
6722
6724
14917
14918
6728
6739
14936
6745
14941
6754
6762
14955
6765
6770
6771
6774
6777
14974
6786
6789
6790
14984
6792
14987
6808
15004
15011
15014
6824
15017
15018
15020
6830
6831
15036
6845
15040
6855
6865
6874
15067
15069
15070
6882
6885
6891
15090
6900
15092
6908
6909
15102
6910
15110
6919
6918
15126
6939
15134
6943
6942
15138
15142
15144
15148
6962
15163
6975
15172
6981
15176
15183
15185
15190
7006
15204
15210
7018
15222
7037
15231
7039
15235
7051
7062
7065
7066
7068
15273
15279
15287
15292
7102
7105
7106
15300
15308
15312
7126
15319
7137
7139
7145
7155
15350
15354
7164
7165
7167
15370
7179
7195
15388
7197
15392
7204
7207
15415
15421
15428
7237
15430
7238
7241
15434
7244
7248
15441
7262
7263
7264
15463
15465
15473
15477
7287
15479
7291
15484
15487
7298
7299
15494
7310
15504
7318
15511
7322
15515
7324
15523
7337
15530
15533
7344
15537
15538
7348
7357
15551
7362
7363
7364
15560
15564
7381
7383
15576
7384
7387
7395
15593
15596
15597
15599
7408
15601
15605
15606
15609
15610
15614
15616
7427
15627
7447
15645
7459
7460
7461
7463
7466
15660
15663
7477
15669
15672
7497
7506
7510
7513
7514
15720
15729
7539
7550
7566
15759
7569
7570
15763
7576
7581
7593
15789
7598
7599
7600
7603
7606
15814
7622
15816
15815
7626
15818
7627
15827
7635
15834
7646
15838
15842
7652
7653
7656
7664
15859
7672
7674
15867
7676
15868
15870
15874
7683
15879
7687
15880
7690
7693
7696
15889
15890
15897
15902
15908
7718
7736
7741
7745
7747
15942
7754
7764
7766
15961
7772
7788
7796
15990
7802
7803
7805
16007
16013
7822
7826
16024
7834
16042
16045
16050
7858
7860
7867
7868
7869
16063
7876
7881
16077
16079
7889
7890
7899
7902
16095
7908
16103
7912
16104
7914
7916
16110
7919
16112
16113
16116
7927
7937
16135
16141
16143
16145
7955
16148
7962
7965
16161
16164
16165
7977
7978
7982
7983
16180
16182
7991
8009
8010
16203
16205
16207
16213
8021
16216
16218
8027
8028
16222
16229
8051
8058
16251
16254
16256
16262
8070
8072
8078
8081
16275
8084
16281
16285
16289
16296
16303
8114
16307
16309
8121
16315
8124
8130
8142
8151
8152
8153
8154
16354
8169
8170
16363
16370
16371
8180
16374
16376
