0 5
0 13
0 18
0 38
0 40
0 43
0 60
0 65
0 83
0 89
0 90
0 115
0 121
0 137
0 166
0 171
0 175
0 187
0 199
0 243
0 245
0 257
0 261
0 269
0 272
0 286
0 288
0 295
0 310
0 349
0 379
0 396
0 397
0 414
0 426
0 457
0 462
0 463
0 466
0 471
0 477
0 478
0 496
0 513
0 516
0 522
0 552
0 562
0 564
0 588
0 595
0 619
0 620
0 621
0 659
0 663
0 666
0 669
0 671
0 690
1 49
1 172
1 238
1 258
1 316
1 318
1 325
1 331
1 412
1 423
1 525
1 563
1 594
1 627
1 637
1 665
2 214
2 225
2 239
2 316
2 331
2 364
2 549
2 594
2 618
2 649
2 676
3 15
3 18
3 91
3 92
3 104
3 194
3 273
3 283
3 369
3 372
3 377
3 419
3 438
3 449
3 499
3 519
3 578
3 596
3 603
3 616
3 638
4 22
4 130
4 184
4 189
4 238
4 239
4 271
4 286
4 317
4 407
4 596
4 598
4 652
4 665
4 668
4 679
5 0
5 36
5 65
5 126
5 129
5 191
5 206
5 275
5 333
5 362
5 384
5 488
5 536
5 540
5 567
5 585
5 604
5 619
5 640
5 662
5 673
6 49
6 95
6 107
6 130
6 232
6 245
6 299
6 361
6 381
6 418
6 421
6 434
6 485
6 552
6 553
6 654
6 696
7 11
7 13
7 47
7 48
7 50
7 57
7 61
7 69
7 95
7 104
7 106
7 113
7 142
7 171
7 196
7 226
7 229
7 233
7 267
7 292
7 294
7 297
7 316
7 344
7 358
7 366
7 368
7 383
7 390
7 402
7 417
7 428
7 469
7 479
7 482
7 498
7 522
7 539
7 590
7 633
7 637
7 651
7 661
7 672
7 677
7 687
8 11
8 26
8 42
8 45
8 49
8 57
8 78
8 81
8 82
8 93
8 98
8 113
8 126
8 127
8 141
8 142
8 145
8 163
8 232
8 236
8 248
8 255
8 264
8 330
8 348
8 360
8 368
8 397
8 398
8 400
8 428
8 430
8 459
8 467
8 533
8 577
8 624
8 629
8 635
8 654
8 683
8 685
9 71
9 123
9 125
9 190
9 202
9 242
9 334
9 361
9 362
9 416
9 455
9 483
9 493
9 550
9 661
10 73
10 77
10 104
10 139
10 155
10 216
10 344
10 372
10 403
10 441
10 462
10 469
10 480
10 518
10 519
10 524
10 579
10 583
10 619
10 693
11 7
11 8
11 250
11 270
11 407
11 500
11 551
11 604
11 621
11 627
12 13
12 41
12 49
12 70
12 79
12 80
12 82
12 88
12 91
12 102
12 116
12 117
12 123
12 138
12 152
12 156
12 162
12 207
12 221
12 226
12 261
12 287
12 288
12 303
12 341
12 385
12 390
12 395
12 396
12 409
12 415
12 422
12 430
12 447
12 449
12 457
12 466
12 490
12 497
12 499
12 509
12 529
12 570
12 577
12 592
12 612
12 614
12 628
12 630
12 638
12 639
12 644
12 648
12 649
12 653
12 658
12 667
12 673
13 0
13 7
13 12
13 17
13 47
13 85
13 112
13 125
13 151
13 163
13 235
13 255
13 281
13 333
13 341
13 361
13 367
13 379
13 401
13 439
13 448
13 500
13 522
13 527
13 621
13 672
13 673
13 685
14 91
14 104
14 139
14 184
14 208
14 244
14 247
14 344
14 369
14 377
14 403
14 408
14 436
14 440
14 524
14 591
14 615
14 623
14 645
14 658
14 668
15 3
15 103
15 119
15 137
15 141
15 191
15 249
15 255
15 276
15 285
15 341
15 346
15 435
15 440
15 505
15 522
15 528
15 552
15 599
15 621
16 27
16 55
16 114
16 128
16 161
16 182
16 190
16 266
16 268
16 324
16 399
16 400
16 421
16 466
16 592
16 596
16 622
16 658
16 659
16 664
16 665
17 13
17 74
17 103
17 112
17 192
17 239
17 262
17 271
17 327
17 589
17 591
17 650
18 0
18 3
18 91
18 252
18 283
18 284
18 292
18 342
18 344
18 435
18 438
18 486
18 512
18 519
18 542
18 592
18 663
18 670
18 671
18 678
19 40
19 55
19 68
19 69
19 97
19 161
19 202
19 252
19 324
19 347
19 359
19 371
19 375
19 414
19 438
19 466
19 513
19 557
19 600
19 665
20 41
20 77
20 78
20 88
20 103
20 115
20 133
20 135
20 182
20 216
20 228
20 238
20 244
20 247
20 255
20 259
20 280
20 288
20 322
20 326
20 330
20 335
20 341
20 385
20 407
20 410
20 412
20 416
20 425
20 441
20 470
20 489
20 492
20 518
20 527
20 555
20 597
20 608
20 609
20 618
20 624
20 639
20 673
20 682
20 685
20 688
21 73
21 87
21 112
21 125
21 143
21 207
21 244
21 283
21 361
21 367
21 393
21 560
21 589
21 661
21 672
21 685
22 4
22 27
22 36
22 65
22 99
22 112
22 118
22 132
22 164
22 225
22 317
22 390
22 430
22 590
22 637
23 50
23 137
23 215
23 234
23 247
23 255
23 398
23 665
23 679
24 143
24 186
24 188
24 309
24 322
24 408
24 474
24 494
24 664
25 84
25 107
25 190
25 218
25 238
25 276
25 296
25 503
25 665
26 8
26 33
26 93
26 98
26 101
26 183
26 305
26 306
26 317
26 409
26 436
26 509
26 586
26 647
26 655
27 16
27 22
27 45
27 62
27 75
27 80
27 144
27 244
27 255
27 257
27 281
27 305
27 322
27 364
27 520
27 577
27 603
27 696
28 98
28 108
28 115
28 117
28 161
28 176
28 281
28 322
28 351
28 412
28 448
28 455
28 527
28 577
28 641
28 674
28 686
29 93
29 159
29 191
29 322
29 379
29 496
29 501
29 530
29 577
29 686
29 689
30 164
30 221
30 405
30 498
31 54
31 81
31 82
31 144
31 168
31 181
31 210
31 226
31 294
31 337
31 368
31 370
31 378
31 404
31 422
31 456
31 476
31 521
31 548
31 590
31 630
31 631
31 680
32 184
32 359
33 26
33 55
33 87
33 111
33 159
34 173
34 210
35 245
35 357
35 379
35 494
35 578
35 659
35 669
36 5
36 22
36 65
36 112
36 179
36 255
36 267
36 332
36 401
36 552
36 567
36 627
37 255
37 279
37 530
38 0
38 209
38 411
39 147
39 287
39 297
39 328
39 335
39 360
39 370
39 417
39 470
39 515
39 587
39 629
39 634
40 0
40 19
40 244
40 493
41 12
41 20
41 57
41 64
41 82
41 88
41 118
41 120
41 148
41 221
41 241
41 294
41 312
41 337
41 383
41 394
41 413
41 422
41 470
41 601
41 610
41 639
41 643
41 653
41 677
41 678
41 697
42 8
42 133
42 543
42 569
42 590
42 633
43 0
43 95
43 107
43 119
43 256
43 258
43 282
43 466
43 506
43 597
43 667
44 84
44 194
44 238
44 331
44 418
45 8
45 27
45 51
45 115
45 187
45 340
45 589
46 247
46 282
47 7
47 13
47 70
47 103
47 112
47 239
47 346
47 401
47 427
47 430
47 496
47 529
47 563
47 585
48 7
48 330
48 505
49 1
49 6
49 8
49 12
49 266
49 681
50 7
50 23
50 95
50 293
50 472
50 506
50 544
50 637
50 645
50 690
51 45
51 75
51 217
51 452
52 62
52 73
52 77
52 91
52 97
52 139
52 209
52 252
52 253
52 268
52 283
52 344
52 372
52 375
52 617
52 691
53 60
53 193
53 325
54 31
54 78
54 272
55 16
55 19
55 33
55 288
55 300
55 399
55 609
56 244
56 250
56 348
56 398
56 458
56 623
57 7
57 8
57 41
57 88
57 101
57 110
57 168
57 201
57 241
57 254
57 287
57 294
57 328
57 356
57 416
57 533
57 629
58 634
59 230
59 233
60 0
60 53
60 66
60 89
60 140
60 154
60 243
60 272
60 396
60 450
60 516
60 666
60 671
61 7
61 540
62 27
62 52
62 166
62 263
62 582
62 632
63 218
63 238
63 245
63 258
63 303
63 375
63 421
63 491
63 498
63 506
63 549
63 619
63 637
63 679
64 41
64 145
64 153
64 227
64 229
64 279
64 291
64 328
64 417
64 422
64 443
64 449
64 541
64 543
64 547
64 569
64 601
64 631
64 639
64 650
64 653
64 677
64 680
64 687
64 688
65 0
65 5
65 22
65 36
65 71
65 99
65 103
65 239
65 281
65 520
66 60
66 89
66 272
66 396
66 477
67 203
67 402
67 631
67 678
68 19
68 69
68 73
68 91
68 104
68 136
68 169
68 208
68 216
68 262
68 342
68 344
68 372
68 438
68 480
68 578
68 582
68 691
69 7
69 19
69 68
69 348
69 434
70 12
70 47
70 71
70 99
70 103
70 179
70 239
70 346
70 551
70 567
71 9
71 65
71 70
72 249
72 316
72 568
72 674
73 10
73 21
73 52
73 68
73 252
73 372
73 375
73 473
73 513
73 582
73 616
74 17
74 125
74 163
74 239
74 248
74 275
74 307
74 362
74 430
74 455
74 481
74 522
74 529
74 551
74 571
74 585
74 621
74 659
74 685
75 27
75 51
75 161
75 187
75 242
75 322
76 116
76 147
76 168
76 205
76 320
76 353
76 356
76 404
76 413
76 416
76 429
76 437
76 547
76 631
76 633
76 688
76 697
77 10
77 20
77 52
77 252
77 344
77 403
77 449
77 473
77 513
77 542
77 605
78 8
78 20
78 54
78 241
78 269
78 289
78 302
78 356
78 388
78 416
78 510
78 531
78 577
79 12
79 372
80 12
80 27
80 89
80 439
80 671
81 8
81 31
81 82
81 134
81 145
81 181
81 279
81 360
81 417
81 470
81 532
81 648
82 8
82 12
82 31
82 41
82 81
82 88
82 118
82 134
82 145
82 153
82 287
82 303
82 335
82 353
82 356
82 417
82 630
83 0
83 89
83 243
83 272
83 396
83 450
83 516
83 669
83 690
84 25
84 44
84 95
84 119
84 137
84 247
84 266
84 282
84 293
84 299
84 331
84 463
84 598
84 618
85 13
85 153
85 181
85 192
85 201
85 227
85 279
85 294
85 302
85 321
85 337
85 533
85 576
85 653
85 677
86 150
86 354
86 580
86 673
87 21
87 33
87 349
87 537
87 609
88 12
88 20
88 41
88 57
88 82
88 92
88 165
88 329
88 515
88 548
88 569
88 601
88 630
88 648
88 653
89 0
89 60
89 66
89 80
89 83
89 272
89 295
89 300
89 516
90 0
90 268
90 280
90 403
90 462
90 575
90 615
91 3
91 12
91 14
91 18
91 52
91 68
91 252
91 344
91 554
92 3
92 88
92 337
93 8
93 26
93 29
93 101
93 161
93 284
93 322
93 376
93 409
93 577
94 166
94 477
95 6
95 7
95 43
95 50
95 84
95 119
95 137
95 256
95 271
95 286
95 331
95 421
95 466
95 597
95 622
95 665
95 667
95 668
96 275
96 276
96 338
96 389
97 19
97 52
97 449
97 632
98 8
98 26
98 28
98 101
98 509
99 22
99 65
99 70
99 103
99 112
99 170
99 276
99 361
99 390
99 523
100 240
100 247
100 371
100 577
100 594
101 26
101 57
101 93
101 98
101 186
101 191
101 305
101 376
101 408
102 12
102 123
102 137
102 182
102 188
102 238
102 245
102 299
102 364
102 381
102 412
102 432
102 506
102 525
102 544
102 570
102 597
102 622
102 637
102 665
102 676
102 690
103 15
103 17
103 20
103 47
103 65
103 70
103 99
103 346
103 401
103 529
103 567
103 585
103 640
104 3
104 7
104 10
104 14
104 68
104 169
104 184
104 342
104 344
104 369
104 377
104 438
104 473
104 474
104 513
104 578
105 172
105 350
105 381
105 471
105 495
105 522
105 690
106 7
106 242
106 284
106 292
106 305
106 322
106 649
107 6
107 25
107 43
107 331
107 632
108 28
108 167
108 564
109 367
109 378
110 57
110 378
110 401
111 33
111 182
111 238
111 247
111 331
111 381
111 418
111 491
111 527
112 13
112 17
112 21
112 22
112 36
112 47
112 99
112 361
112 529
113 7
113 8
113 364
113 423
113 460
113 505
114 16
114 299
114 352
114 491
115 0
115 20
115 28
115 45
115 263
115 507
116 12
116 76
116 120
116 133
116 147
116 153
116 174
116 269
116 312
116 335
116 352
116 470
116 576
116 643
116 677
117 12
117 28
117 126
117 202
117 350
117 440
117 461
117 471
117 483
118 22
118 41
118 82
118 236
118 287
118 312
118 328
118 335
118 370
118 383
118 417
118 648
118 650
118 677
118 688
119 15
119 43
119 84
119 95
119 381
119 598
120 41
120 116
120 123
120 144
120 230
120 269
120 294
120 303
120 335
120 629
120 653
120 698
121 0
121 154
121 243
121 272
121 300
121 311
121 450
121 462
121 520
121 564
121 669
122 250
122 511
122 658
123 9
123 12
123 102
123 120
123 134
123 226
123 269
123 291
123 417
123 533
123 539
123 548
123 601
123 610
123 629
124 193
124 230
124 606
125 9
125 13
125 21
125 74
125 129
125 151
125 163
125 362
125 522
125 523
125 551
125 585
125 621
125 659
125 662
125 672
125 693
126 5
126 8
126 117
126 333
126 664
127 8
127 148
127 367
127 404
127 462
128 16
128 232
128 645
128 685
129 5
129 125
129 586
129 673
130 4
130 6
130 247
130 256
130 258
130 266
130 282
130 296
130 391
130 412
130 466
130 506
130 525
130 597
130 607
130 618
130 619
130 667
131 147
131 148
131 153
131 180
131 200
131 294
131 353
131 415
131 437
131 464
131 514
131 569
131 653
131 688
132 22
132 250
132 490
132 493
132 672
132 673
133 20
133 42
133 116
133 135
133 153
133 210
133 227
133 289
133 315
133 353
133 368
133 429
133 521
133 533
133 631
133 639
133 694
134 81
134 82
134 123
134 429
135 20
135 133
135 259
135 533
136 68
136 164
136 350
136 579
137 0
137 15
137 23
137 84
137 95
137 102
137 203
137 258
137 331
137 491
137 525
137 594
137 612
138 12
138 183
138 222
138 274
138 324
138 416
138 485
138 678
138 698
139 10
139 14
139 52
139 184
139 208
139 209
139 253
139 342
139 369
139 372
139 438
139 512
139 579
139 582
139 616
140 60
140 150
140 340
141 8
141 15
141 202
141 308
141 339
141 352
141 440
141 475
142 7
142 8
142 181
142 507
143 21
143 24
143 332
143 577
143 659
144 27
144 31
144 120
144 389
144 408
145 8
145 64
145 81
145 82
145 413
146 243
146 428
146 564
147 39
147 76
147 116
147 131
147 476
147 492
148 41
148 127
148 131
148 165
148 210
148 274
148 584
149 320
149 321
150 86
150 140
150 237
150 423
150 588
151 13
151 125
151 529
151 662
152 12
152 226
152 332
152 543
152 552
152 671
153 64
153 82
153 85
153 116
153 131
153 133
153 337
153 545
154 60
154 121
154 295
154 534
155 10
155 177
155 487
155 549
155 561
156 12
156 219
156 229
156 233
156 404
156 616
156 681
156 694
157 433
157 483
157 507
157 574
158 520
158 537
158 660
159 29
159 33
159 179
159 209
159 216
159 219
159 258
159 439
159 552
159 560
160 213
160 261
160 391
160 503
160 669
161 16
161 19
161 28
161 75
161 93
161 258
161 409
162 12
162 233
162 323
163 8
163 13
163 74
163 125
163 455
164 22
164 30
164 136
164 184
165 88
165 148
165 484
166 0
166 62
166 94
166 299
166 441
166 477
166 546
166 625
167 108
167 180
167 453
167 636
167 694
168 31
168 57
168 76
168 261
168 521
168 559
169 68
169 104
169 348
170 99
170 517
171 0
171 7
171 471
171 522
171 566
172 1
172 105
172 258
172 525
173 34
173 287
173 498
174 116
174 315
174 504
175 0
175 318
175 379
175 406
175 606
176 28
176 216
176 534
176 609
176 663
177 155
177 493
177 687
178 221
178 357
178 481
179 36
179 70
179 159
179 308
179 522
180 131
180 167
180 301
180 437
181 31
181 81
181 85
181 142
181 289
181 630
182 16
182 20
182 102
182 111
182 274
182 277
183 26
183 138
183 294
183 389
183 407
183 454
183 473
183 574
183 658
184 4
184 14
184 32
184 104
184 139
184 164
184 344
185 189
185 245
185 271
185 439
185 520
186 24
186 101
186 376
187 0
187 45
187 75
187 477
187 478
188 24
188 102
188 412
188 421
188 629
189 4
189 185
189 501
190 9
190 16
190 25
190 198
190 455
190 630
191 5
191 15
191 29
191 101
191 284
191 292
191 577
191 606
191 664
192 17
192 85
192 667
193 53
193 124
193 332
193 393
193 573
194 3
194 44
194 268
195 246
195 477
195 573
196 7
196 396
196 424
196 458
197 257
197 574
197 608
198 190
198 244
198 296
198 497
198 576
199 0
199 253
199 487
199 604
200 131
200 287
200 398
200 484
200 543
201 57
201 85
201 267
201 543
201 680
202 9
202 19
202 117
202 141
202 225
202 355
202 448
202 647
203 67
203 137
203 331
204 336
204 466
204 636
205 76
205 422
205 633
205 654
206 5
206 242
206 426
206 430
206 488
206 596
207 12
207 21
207 358
207 667
208 14
208 68
208 139
208 229
208 449
209 38
209 52
209 139
209 159
209 366
209 411
210 31
210 34
210 133
210 148
210 510
210 629
211 268
211 439
212 253
212 690
213 160
213 225
213 248
213 338
213 501
214 2
214 433
214 647
215 23
215 344
215 519
215 526
215 632
216 10
216 20
216 68
216 159
216 176
216 283
216 473
217 51
217 364
217 412
217 466
217 520
217 525
217 668
218 25
218 63
218 418
219 156
219 159
219 426
219 673
220 494
220 576
221 12
221 30
221 41
221 178
221 360
221 413
222 138
222 441
222 559
222 636
222 640
223 256
223 684
224 226
224 235
224 237
224 307
224 395
224 410
224 445
225 2
225 22
225 202
225 213
225 471
225 492
226 7
226 12
226 31
226 123
226 152
226 224
226 335
226 601
227 64
227 85
227 133
227 230
227 254
228 20
228 327
228 392
229 7
229 64
229 156
229 208
229 449
229 601
230 59
230 120
230 124
230 227
230 233
231 350
231 422
231 437
232 6
232 8
232 128
232 436
232 475
233 7
233 59
233 156
233 162
233 230
233 318
234 23
234 391
234 618
235 13
235 224
235 390
235 693
236 8
236 118
236 302
236 576
236 651
237 150
237 224
237 340
237 507
238 1
238 4
238 20
238 25
238 44
238 63
238 102
238 111
238 331
239 2
239 4
239 17
239 47
239 65
239 70
239 74
239 276
239 679
240 100
240 304
240 563
240 625
241 41
241 57
241 78
241 653
241 681
242 9
242 75
242 106
242 206
242 292
243 0
243 60
243 83
243 121
243 146
243 272
244 14
244 20
244 21
244 27
244 40
244 56
244 198
244 288
244 348
244 364
244 540
244 558
245 0
245 6
245 35
245 63
245 102
245 185
246 195
246 314
247 14
247 20
247 23
247 46
247 84
247 100
247 111
247 130
247 249
247 364
247 472
248 8
248 74
248 213
248 563
248 673
249 15
249 72
249 247
249 466
249 617
250 11
250 56
250 122
250 132
250 355
250 361
250 583
250 658
251 414
251 671
251 680
252 18
252 19
252 52
252 73
252 77
252 91
252 344
253 52
253 139
253 199
253 212
253 519
254 57
254 227
254 610
255 8
255 13
255 15
255 20
255 23
255 27
255 36
255 37
255 313
255 522
256 43
256 95
256 130
256 223
256 676
257 0
257 27
257 197
257 529
258 1
258 43
258 63
258 130
258 137
258 159
258 161
258 172
258 463
259 20
259 135
259 494
259 620
259 640
259 647
260 528
260 575
260 654
260 692
261 0
261 12
261 160
261 168
261 457
261 594
261 622
261 637
262 17
262 68
262 462
262 562
263 62
263 115
263 477
263 580
264 8
264 548
265 411
265 420
265 433
265 579
265 584
266 16
266 49
266 84
266 130
266 331
267 7
267 36
267 201
267 475
267 481
267 543
267 551
268 16
268 52
268 90
268 194
268 211
268 417
268 458
268 470
268 489
268 561
268 578
268 586
268 619
269 0
269 78
269 116
269 120
269 123
269 294
269 456
270 11
270 361
270 455
270 488
270 647
271 4
271 17
271 95
271 185
271 290
272 0
272 54
272 60
272 66
272 83
272 89
272 121
272 243
273 3
273 403
273 480
274 138
274 148
274 182
274 548
275 5
275 74
275 96
275 390
275 471
276 15
276 25
276 96
276 99
276 239
277 182
277 463
277 506
278 285
278 293
278 458
278 644
279 37
279 64
279 81
279 85
279 388
279 521
280 20
280 90
280 422
280 556
281 13
281 27
281 28
281 65
281 475
282 43
282 46
282 84
282 130
283 3
283 18
283 21
283 52
283 216
284 18
284 93
284 106
284 191
284 641
285 15
285 278
285 478
285 560
286 0
286 4
286 95
286 463
286 491
287 12
287 39
287 57
287 82
287 118
287 173
287 200
287 294
287 335
287 413
288 0
288 12
288 20
288 55
288 244
288 449
288 609
288 615
289 78
289 133
289 181
289 630
289 633
290 271
290 358
291 64
291 123
291 368
291 437
291 559
291 687
292 7
292 18
292 106
292 191
292 242
293 50
293 84
293 278
294 7
294 31
294 41
294 57
294 85
294 120
294 131
294 183
294 269
294 287
294 629
295 0
295 89
295 154
295 477
296 25
296 130
296 198
296 491
297 7
297 39
297 330
297 539
298 370
298 410
298 443
299 6
299 84
299 102
299 114
299 166
299 300
300 55
300 89
300 121
300 299
301 180
301 306
301 361
301 435
301 496
302 78
302 85
302 236
303 12
303 63
303 82
303 120
303 548
303 569
304 240
304 563
304 606
304 690
304 692
305 26
305 27
305 101
305 106
305 509
306 26
306 301
306 527
306 666
307 74
307 224
307 390
307 503
308 141
308 179
308 390
308 462
308 658
309 24
309 496
309 632
309 692
310 0
310 409
310 590
310 658
311 121
311 564
312 41
312 116
312 118
312 360
312 539
313 255
313 662
314 246
314 327
314 350
314 640
314 661
315 133
315 174
315 387
315 422
315 535
316 1
316 2
316 7
316 72
316 568
317 4
317 22
317 26
317 471
317 488
318 1
318 175
318 233
318 332
318 461
318 489
319 328
319 454
320 76
320 149
320 321
321 85
321 149
321 320
321 515
322 20
322 24
322 27
322 28
322 29
322 75
322 93
322 106
322 577
322 661
323 162
323 530
323 649
324 16
324 19
324 138
324 400
325 1
325 53
325 580
326 20
326 339
326 425
326 523
326 570
327 17
327 228
327 314
328 39
328 57
328 64
328 118
328 319
328 378
329 88
329 444
330 8
330 20
330 48
330 297
331 1
331 2
331 44
331 84
331 95
331 107
331 111
331 137
331 203
331 238
331 266
332 36
332 143
332 152
332 193
332 318
332 552
332 672
333 5
333 13
333 126
333 649
334 9
334 363
334 457
334 488
335 20
335 39
335 82
335 116
335 118
335 120
335 226
335 287
336 204
336 432
336 518
336 525
336 654
337 31
337 41
337 85
337 92
337 153
338 96
338 213
338 390
338 492
338 524
339 141
339 326
339 461
339 465
340 45
340 140
340 237
340 396
340 477
341 12
341 13
341 15
341 20
341 555
341 647
341 659
342 18
342 68
342 104
342 139
343 406
343 434
343 540
343 666
343 694
344 7
344 10
344 14
344 18
344 52
344 68
344 77
344 91
344 104
344 184
344 215
344 252
345 367
345 384
345 418
345 667
346 15
346 47
346 70
346 103
346 361
347 19
347 419
348 8
348 56
348 69
348 169
348 244
348 449
348 558
349 0
349 87
349 372
349 580
349 591
350 105
350 117
350 136
350 231
350 314
350 512
350 516
351 28
351 508
351 591
352 114
352 116
352 141
352 383
352 450
352 587
352 601
352 642
353 76
353 82
353 131
353 133
353 383
353 653
354 86
354 509
354 568
354 660
355 202
355 250
355 640
355 650
355 696
356 57
356 76
356 78
356 82
356 547
357 35
357 178
358 7
358 207
358 290
358 377
358 453
358 578
359 19
359 32
359 499
359 686
360 8
360 39
360 81
360 221
360 312
361 6
361 9
361 13
361 21
361 99
361 112
361 250
361 270
361 301
361 346
361 621
362 5
362 9
362 74
362 125
362 419
362 453
363 334
363 452
363 485
363 589
364 2
364 27
364 102
364 113
364 217
364 244
364 247
365 462
366 7
366 209
366 393
366 411
367 13
367 21
367 109
367 127
367 345
367 376
368 7
368 8
368 31
368 133
368 291
368 533
368 633
369 3
369 14
369 104
369 139
369 372
369 623
370 31
370 39
370 118
370 298
370 633
371 19
371 100
371 375
372 3
372 10
372 52
372 68
372 73
372 79
372 139
372 349
372 369
372 542
372 593
373 385
373 415
374 565
374 566
375 19
375 52
375 63
375 73
375 371
376 93
376 101
376 186
376 367
377 3
377 14
377 104
377 358
377 449
378 31
378 109
378 110
378 328
378 629
379 0
379 13
379 29
379 35
379 175
379 490
379 613
379 692
380 415
380 680
380 698
381 6
381 102
381 105
381 111
381 119
381 598
382 428
382 518
382 522
382 658
383 7
383 41
383 118
383 352
383 353
383 653
384 5
384 345
384 640
385 12
385 20
385 373
385 455
385 560
386 565
386 685
387 315
387 535
388 78
388 279
388 655
389 96
389 144
389 183
389 454
390 7
390 12
390 22
390 99
390 235
390 275
390 307
390 308
390 338
390 560
391 130
391 160
391 234
391 538
392 228
392 433
392 552
393 21
393 193
393 366
393 488
393 574
394 41
394 532
394 680
395 12
395 224
395 653
396 0
396 12
396 60
396 66
396 83
396 196
396 340
397 0
397 8
397 419
397 479
397 536
397 657
397 663
397 671
398 8
398 23
398 56
398 200
398 527
398 546
399 16
399 55
399 401
399 474
399 543
400 8
400 16
400 324
401 13
401 36
401 47
401 103
401 110
401 399
401 662
402 7
402 67
402 610
402 643
403 10
403 14
403 77
403 90
403 273
403 480
404 31
404 76
404 127
404 156
404 569
404 577
405 30
405 489
405 516
405 639
406 175
406 343
406 474
406 690
407 4
407 11
407 20
407 183
407 444
407 652
408 14
408 24
408 101
408 144
408 577
408 649
409 12
409 26
409 93
409 161
409 310
409 444
409 699
410 20
410 224
410 298
410 411
410 450
410 642
411 38
411 209
411 265
411 366
411 410
412 1
412 20
412 28
412 102
412 130
412 188
412 217
412 520
413 41
413 76
413 145
413 221
413 287
413 628
414 0
414 19
414 251
414 438
414 646
415 12
415 131
415 373
415 380
416 9
416 20
416 57
416 76
416 78
416 138
417 7
417 39
417 64
417 81
417 82
417 118
417 123
417 268
417 576
417 633
418 6
418 44
418 111
418 218
418 345
418 676
419 3
419 347
419 362
419 397
420 265
420 522
420 565
421 6
421 16
421 63
421 95
421 188
421 571
422 12
422 31
422 41
422 64
422 205
422 231
422 280
422 315
422 556
423 1
423 113
423 150
423 528
423 566
423 622
424 196
425 20
425 326
425 581
426 0
426 206
426 219
426 488
426 546
426 640
427 47
427 439
427 488
428 7
428 8
428 146
428 382
428 462
428 548
428 618
429 76
429 133
429 134
429 541
429 651
430 8
430 12
430 22
430 47
430 74
430 206
430 586
431 482
431 635
432 102
432 336
432 469
432 498
432 615
432 654
433 157
433 214
433 265
433 392
433 647
434 6
434 69
434 343
434 560
435 15
435 18
435 301
435 552
435 565
435 566
435 608
436 14
436 26
436 232
436 483
437 76
437 131
437 180
437 231
437 291
437 533
437 610
438 3
438 18
438 19
438 68
438 104
438 139
438 414
439 13
439 80
439 159
439 185
439 211
439 427
439 466
439 507
440 14
440 15
440 117
440 141
440 446
440 503
440 598
441 10
441 20
441 166
441 222
441 508
441 565
442 562
443 64
443 298
443 672
444 329
444 407
444 409
444 575
444 699
445 224
445 451
445 467
445 484
445 502
445 624
445 663
446 440
446 681
447 12
447 484
447 559
447 639
448 13
448 28
448 202
448 455
448 554
448 647
449 3
449 12
449 64
449 77
449 97
449 208
449 229
449 288
449 348
449 377
450 60
450 83
450 121
450 352
450 410
451 445
451 657
451 683
452 51
452 363
453 167
453 358
453 362
454 183
454 319
454 389
455 9
455 28
455 74
455 163
455 190
455 270
455 385
455 448
455 560
456 31
456 269
457 0
457 12
457 261
457 334
457 492
458 56
458 196
458 268
458 278
458 611
459 8
459 520
459 540
459 568
460 113
461 117
461 318
461 339
461 490
461 536
462 0
462 10
462 90
462 121
462 127
462 262
462 308
462 365
462 428
463 0
463 84
463 258
463 277
463 286
463 666
464 131
464 514
465 339
465 523
465 622
465 657
466 0
466 12
466 16
466 19
466 43
466 95
466 130
466 204
466 217
466 249
466 439
467 8
467 445
467 567
467 571
468 493
468 571
468 603
468 635
468 644
469 7
469 10
469 432
469 491
470 20
470 39
470 41
470 81
470 116
470 268
470 515
470 548
471 0
471 105
471 117
471 171
471 225
471 275
471 317
471 522
471 606
472 50
472 247
472 491
473 73
473 77
473 104
473 183
473 216
473 579
473 582
474 24
474 104
474 399
474 406
474 578
474 582
475 141
475 232
475 267
475 281
475 567
476 31
476 147
476 521
477 0
477 66
477 94
477 166
477 187
477 195
477 263
477 295
477 340
478 0
478 187
478 285
478 522
478 638
479 7
479 397
479 556
479 651
480 10
480 68
480 273
480 403
480 578
480 616
481 74
481 178
481 267
481 661
482 7
482 431
482 560
482 602
483 9
483 117
483 157
483 436
483 615
484 165
484 200
484 445
484 447
484 502
485 6
485 138
485 363
485 589
486 18
486 557
486 619
486 649
486 670
487 155
487 199
487 561
488 5
488 206
488 270
488 317
488 334
488 393
488 426
488 427
488 492
488 523
489 20
489 268
489 318
489 405
489 528
489 538
489 582
489 676
490 12
490 132
490 379
490 461
490 535
490 604
491 63
491 111
491 114
491 137
491 286
491 296
491 469
491 472
491 637
492 20
492 147
492 225
492 338
492 457
492 488
493 9
493 40
493 132
493 177
493 468
493 602
493 689
494 24
494 35
494 220
494 259
494 662
495 105
495 531
496 0
496 29
496 47
496 301
496 309
496 682
497 12
497 198
497 601
498 7
498 30
498 63
498 173
498 432
498 651
499 3
499 12
499 359
499 519
500 11
500 13
500 501
501 29
501 189
501 213
501 500
502 445
502 484
502 594
503 25
503 160
503 307
503 440
503 509
504 174
504 505
504 646
505 15
505 48
505 113
505 504
505 620
505 689
506 43
506 50
506 63
506 102
506 130
506 277
507 115
507 142
507 157
507 237
507 439
508 351
508 441
508 591
508 619
509 12
509 26
509 98
509 305
509 354
509 503
510 78
510 210
510 677
511 122
511 560
511 647
511 662
512 18
512 139
512 350
512 554
512 562
513 0
513 19
513 73
513 77
513 104
513 542
514 131
514 464
514 573
514 677
515 39
515 88
515 321
515 470
515 548
516 0
516 60
516 83
516 89
516 350
516 405
517 170
517 672
518 10
518 20
518 336
518 382
519 3
519 10
519 18
519 215
519 253
519 499
520 27
520 65
520 121
520 158
520 185
520 217
520 412
520 459
521 31
521 133
521 168
521 279
521 476
522 0
522 7
522 13
522 15
522 74
522 105
522 125
522 171
522 179
522 255
522 382
522 420
522 471
522 478
523 99
523 125
523 326
523 465
523 488
524 10
524 14
524 338
525 1
525 102
525 130
525 137
525 172
525 217
525 336
526 215
526 570
526 591
526 649
526 652
527 13
527 20
527 28
527 111
527 306
527 398
527 666
528 15
528 260
528 423
528 489
528 606
528 640
529 12
529 47
529 74
529 103
529 112
529 151
529 257
529 621
530 29
530 37
530 323
531 78
531 495
531 680
532 81
532 394
532 680
533 8
533 57
533 85
533 123
533 133
533 135
533 368
533 437
533 677
534 154
534 176
534 573
534 638
535 315
535 387
535 490
536 5
536 397
536 461
537 87
537 158
538 391
538 489
538 553
539 7
539 123
539 297
539 312
539 543
540 5
540 61
540 244
540 343
540 459
540 550
541 64
541 429
541 556
542 18
542 77
542 372
542 513
543 42
543 64
543 152
543 200
543 201
543 267
543 399
543 539
543 641
544 50
544 102
544 615
544 622
544 638
545 153
545 620
546 166
546 398
546 426
546 553
546 574
546 590
547 64
547 76
547 356
548 31
548 88
548 123
548 264
548 274
548 303
548 428
548 470
548 515
549 2
549 63
549 155
549 606
549 645
550 9
550 540
550 563
551 11
551 70
551 74
551 125
551 267
551 627
552 0
552 6
552 15
552 36
552 152
552 159
552 332
552 392
552 435
553 6
553 538
553 546
553 622
554 91
554 448
554 512
555 20
555 341
555 686
556 280
556 422
556 479
556 541
557 19
557 486
558 244
558 348
558 667
559 168
559 222
559 291
559 447
559 601
560 21
560 159
560 285
560 385
560 390
560 434
560 455
560 482
560 511
560 566
561 155
561 268
561 487
562 0
562 262
562 442
562 512
563 1
563 47
563 240
563 248
563 304
563 550
563 585
564 0
564 108
564 121
564 146
564 311
565 374
565 386
565 420
565 435
565 441
565 566
566 171
566 374
566 423
566 435
566 560
566 565
567 5
567 36
567 70
567 103
567 467
567 475
567 640
568 72
568 316
568 354
568 459
568 579
569 42
569 64
569 88
569 131
569 303
569 404
570 12
570 102
570 326
570 526
570 612
571 74
571 421
571 467
571 468
572 642
573 193
573 195
573 514
573 534
574 157
574 183
574 197
574 393
574 546
574 575
574 640
575 90
575 260
575 444
575 574
575 672
576 85
576 116
576 198
576 220
576 236
576 417
576 631
576 653
577 8
577 12
577 27
577 28
577 29
577 78
577 93
577 100
577 143
577 191
577 322
577 404
577 408
578 3
578 35
578 68
578 104
578 268
578 358
578 474
578 480
579 10
579 136
579 139
579 265
579 473
579 568
580 86
580 263
580 325
580 349
581 425
581 600
581 661
581 699
582 62
582 68
582 73
582 139
582 473
582 474
582 489
582 596
583 10
583 250
583 602
583 645
583 650
584 148
584 265
584 628
585 5
585 47
585 74
585 103
585 125
585 563
586 26
586 129
586 268
586 430
587 39
587 352
588 0
588 150
589 17
589 21
589 45
589 363
589 485
589 623
589 696
590 7
590 22
590 31
590 42
590 310
590 546
590 633
591 14
591 17
591 349
591 351
591 508
591 526
592 12
592 16
592 18
593 372
594 1
594 2
594 100
594 137
594 261
594 502
595 0
595 620
595 680
595 698
596 3
596 4
596 16
596 206
596 582
597 20
597 43
597 95
597 102
597 130
598 4
598 84
598 119
598 381
598 440
599 15
599 654
600 19
600 581
600 652
600 662
601 41
601 64
601 88
601 123
601 226
601 229
601 352
601 497
601 559
602 482
602 493
602 583
602 603
603 3
603 27
603 468
603 602
604 5
604 11
604 199
604 490
605 77
606 124
606 175
606 191
606 304
606 471
606 528
606 549
607 130
608 20
608 197
608 435
608 681
608 686
609 20
609 55
609 87
609 176
609 288
610 41
610 123
610 254
610 402
610 437
611 458
612 12
612 137
612 570
613 379
613 664
613 681
614 12
615 14
615 90
615 288
615 432
615 483
615 544
616 3
616 73
616 139
616 156
616 480
617 52
617 249
618 2
618 20
618 84
618 130
618 234
618 428
619 0
619 5
619 10
619 63
619 130
619 268
619 486
619 508
620 0
620 259
620 505
620 545
620 595
621 0
621 11
621 13
621 15
621 74
621 125
621 361
621 529
622 16
622 95
622 102
622 261
622 423
622 465
622 544
622 553
623 14
623 56
623 369
623 589
624 8
624 20
624 445
624 690
625 166
625 240
625 662
626 660
627 1
627 11
627 36
627 551
628 12
628 413
628 584
629 8
629 39
629 57
629 120
629 123
629 188
629 210
629 294
629 378
630 12
630 31
630 82
630 88
630 181
630 190
630 289
631 31
631 64
631 67
631 76
631 133
631 576
632 62
632 97
632 107
632 215
632 309
633 7
633 42
633 76
633 205
633 289
633 368
633 370
633 417
633 590
633 653
634 39
634 58
635 8
635 431
635 468
636 167
636 204
636 222
636 683
637 1
637 7
637 22
637 50
637 63
637 102
637 261
637 491
638 3
638 12
638 478
638 534
638 544
638 656
639 12
639 20
639 41
639 64
639 133
639 405
639 447
640 5
640 103
640 222
640 259
640 314
640 355
640 384
640 426
640 528
640 567
640 574
641 28
641 284
641 543
642 352
642 410
642 572
643 41
643 116
643 402
643 697
644 12
644 278
644 468
644 667
645 14
645 50
645 128
645 549
645 583
645 679
646 414
646 504
647 26
647 202
647 214
647 259
647 270
647 341
647 433
647 448
647 511
648 12
648 81
648 88
648 118
649 2
649 12
649 106
649 323
649 333
649 408
649 486
649 526
650 17
650 64
650 118
650 355
650 583
650 651
651 7
651 236
651 429
651 479
651 498
651 650
652 4
652 407
652 526
652 600
653 12
653 41
653 64
653 85
653 88
653 120
653 131
653 241
653 353
653 383
653 395
653 576
653 633
654 6
654 8
654 205
654 260
654 336
654 432
654 599
655 26
655 388
656 638
657 397
657 451
657 465
658 12
658 14
658 16
658 122
658 183
658 250
658 308
658 310
658 382
659 0
659 16
659 35
659 74
659 125
659 143
659 341
660 158
660 354
660 626
660 670
661 7
661 9
661 21
661 314
661 322
661 481
661 581
661 662
662 5
662 125
662 151
662 313
662 401
662 494
662 511
662 600
662 625
662 661
663 0
663 18
663 176
663 397
663 445
664 16
664 24
664 126
664 191
664 613
665 1
665 4
665 16
665 19
665 23
665 25
665 95
665 102
665 666
666 0
666 60
666 306
666 343
666 463
666 527
666 665
667 12
667 43
667 95
667 130
667 192
667 207
667 345
667 558
667 644
668 4
668 14
668 95
668 217
669 0
669 35
669 83
669 121
669 160
670 18
670 486
670 660
670 674
671 0
671 18
671 60
671 80
671 152
671 251
671 397
672 7
672 13
672 21
672 125
672 132
672 332
672 443
672 517
672 575
673 5
673 12
673 13
673 20
673 86
673 129
673 132
673 219
673 248
674 28
674 72
674 670
676 2
676 102
676 256
676 418
676 489
677 7
677 41
677 64
677 85
677 116
677 118
677 510
677 514
677 533
678 18
678 41
678 67
678 138
679 4
679 23
679 63
679 239
679 645
680 31
680 64
680 201
680 251
680 380
680 394
680 531
680 532
680 595
681 49
681 156
681 241
681 446
681 608
681 613
682 20
682 496
683 8
683 451
683 636
684 223
685 8
685 13
685 20
685 21
685 74
685 128
685 386
686 28
686 29
686 359
686 555
686 608
686 690
687 7
687 64
687 177
687 291
688 20
688 64
688 76
688 118
688 131
689 29
689 493
689 505
690 0
690 50
690 83
690 102
690 105
690 212
690 304
690 406
690 624
690 686
691 52
691 68
692 260
692 304
692 309
692 379
693 10
693 125
693 235
694 133
694 156
694 167
694 343
696 6
696 27
696 355
696 589
697 41
697 76
697 643
698 120
698 138
698 380
698 595
699 409
699 444
699 581
