0 3
1 1
2 5
3 5
4 3
5 1
6 3
7 0
8 3
9 5
10 2
11 4
12 2
13 1
14 2
15 3
16 2
17 4
18 4
19 0
20 1
21 5
22 5
23 3
24 5
25 2
26 5
27 2
28 4
29 2
30 2
31 2
32 4
33 5
34 2
35 3
36 4
37 5
38 3
39 3
40 2
41 1
42 2
43 2
44 5
45 1
46 1
47 4
48 2
49 3
50 3
51 2
52 5
53 2
54 5
55 1
56 4
57 1
58 4
59 2
60 2
61 3
62 4
63 5
64 5
65 1
66 3
67 3
68 4
69 2
70 4
71 1
72 1
73 5
74 0
75 2
76 0
77 3
78 5
79 2
80 4
81 1
82 1
83 4
84 4
85 0
86 4
87 4
88 5
89 3
90 5
91 5
92 4
93 5
94 3
95 1
96 4
97 4
98 3
99 1
100 3
101 0
102 1
103 1
104 1
105 3
106 0
107 5
108 0
109 0
110 0
111 0
112 0
113 2
114 0
115 0
116 0
117 0
118 0
119 0
120 3
121 0
122 1
123 5
124 2
125 2
126 0
127 2
128 2
129 5
130 4
131 2
132 4
133 4
134 2
135 4
136 1
137 2
138 2
139 5
140 1
141 2
142 4
143 2
144 1
145 0
146 2
147 2
148 3
149 1
150 2
151 2
152 1
153 2
154 2
155 0
156 5
157 2
158 1
159 4
160 0
161 0
162 2
163 3
164 0
165 3
166 2
167 1
168 5
169 0
170 3
171 4
172 3
173 4
174 3
175 5
176 1
177 3
178 3
179 3
180 2
181 2
182 4
183 0
184 2
185 5
186 1
187 5
188 2
189 3
190 5
191 5
192 1
193 2
194 4
195 3
196 3
197 2
198 5
199 1
200 2
201 4
202 3
203 4
204 0
205 4
206 2
207 1
208 1
209 4
210 1
211 1
212 4
213 2
214 5
215 4
216 1
217 3
218 1
219 2
220 2
221 2
222 5
223 3
224 2
225 3
226 5
227 5
228 4
229 2
230 5
231 2
232 4
233 2
234 4
235 2
236 2
237 2
238 1
239 1
240 3
241 3
242 2
243 2
244 5
245 3
246 2
247 0
248 0
249 5
250 3
251 0
252 5
253 5
254 5
255 2
256 2
257 1
258 2
259 5
260 3
261 3
262 0
263 2
264 0
265 4
266 5
267 2
268 3
269 0
270 2
271 4
272 5
273 2
274 5
275 2
276 1
277 3
278 3
279 3
280 3
281 0
282 1
283 4
284 4
285 4
286 3
287 1
288 4
289 2
290 2
291 5
292 1
293 2
294 4
295 2
296 2
297 0
298 2
299 5
300 4
301 4
302 2
303 3
304 4
305 5
306 3
307 2
308 5
309 0
310 3
311 2
312 0
313 3
314 2
315 1
316 4
317 4
318 1
319 4
320 1
321 1
322 2
323 5
324 2
325 5
326 0
327 3
328 1
329 1
330 5
331 5
332 4
333 4
334 0
335 1
336 0
337 3
338 5
339 0
340 2
341 1
342 4
343 3
344 3
345 1
346 2
347 1
348 1
349 3
350 2
351 2
352 5
353 3
354 5
355 0
356 5
357 3
358 3
359 4
360 5
361 2
362 0
363 2
364 1
365 2
366 3
367 0
368 5
369 1
370 0
371 4
372 5
373 2
374 5
375 0
376 4
377 2
378 5
379 4
380 5
381 0
382 2
383 3
384 5
385 2
386 2
387 5
388 2
389 0
390 3
391 5
392 4
393 4
394 2
395 2
396 2
397 4
398 2
399 1
400 3
401 4
402 3
403 2
404 1
405 4
406 2
407 4
408 4
409 1
410 5
411 4
412 4
413 3
414 2
415 1
416 2
417 4
418 0
419 4
420 2
421 4
422 3
423 2
424 0
425 5
426 3
427 0
428 2
429 4
430 4
431 3
432 5
433 2
434 2
435 2
436 0
437 1
438 1
439 3
440 4
441 0
442 4
443 2
444 2
445 1
446 3
447 5
448 3
449 5
450 3
451 2
452 4
453 2
454 2
455 4
456 1
457 2
458 3
459 3
460 2
461 1
462 4
463 3
464 2
465 4
466 3
467 3
468 2
469 3
470 5
471 0
472 0
473 5
474 0
475 4
476 4
477 5
478 2
479 0
480 1
481 1
482 5
483 3
484 4
485 4
486 1
487 1
488 2
489 4
490 0
491 3
492 2
493 2
494 4
495 2
496 5
497 5
498 3
499 2
500 5
501 1
502 1
503 1
504 4
505 5
506 1
507 1
508 5
509 1
510 2
511 5
512 2
513 0
514 0
515 4
516 4
517 3
518 1
519 4
520 1
521 3
522 3
523 1
524 0
525 1
526 4
527 2
528 2
529 2
530 3
531 4
532 2
533 1
534 5
535 1
536 2
537 1
538 5
539 5
540 4
541 0
542 4
543 2
544 2
545 4
546 3
547 4
548 2
549 2
550 4
551 2
552 0
553 0
554 2
555 4
556 1
557 2
558 1
559 1
560 5
561 0
562 4
563 4
564 4
565 3
566 4
567 4
568 3
569 5
570 0
571 0
572 3
573 4
574 3
575 2
576 2
577 4
578 5
579 4
580 1
581 0
582 4
583 1
584 4
585 2
586 2
587 4
588 1
589 1
590 2
591 1
592 3
593 3
594 2
595 4
596 5
597 5
598 2
599 2
600 3
601 0
602 5
603 3
604 1
605 4
606 1
607 2
608 3
609 2
610 4
611 3
612 5
613 5
614 1
615 4
616 2
617 2
618 3
619 2
620 3
621 2
622 2
623 5
624 4
625 3
626 0
627 2
628 3
629 3
630 2
631 2
632 5
633 2
634 4
635 1
636 3
637 4
638 4
639 5
640 5
641 0
642 4
643 5
644 2
645 3
646 1
647 4
648 1
649 4
650 1
651 1
652 4
653 4
654 4
655 5
656 5
657 3
658 3
659 0
660 1
661 2
662 5
663 2
664 3
665 3
666 2
667 3
668 1
669 5
670 4
671 3
672 0
673 0
674 4
675 3
676 4
677 1
678 4
679 1
680 2
681 1
682 3
683 2
684 5
685 2
686 2
687 5
688 3
689 5
690 5
691 2
692 2
693 2
694 4
695 1
696 3
697 5
698 4
699 1
700 4
701 3
702 5
703 0
704 3
705 1
706 2
707 4
708 5
709 3
710 3
711 5
712 1
713 0
714 5
715 2
716 0
717 1
718 5
719 2
720 1
721 4
722 5
723 1
724 1
725 2
726 5
727 1
728 5
729 4
730 1
731 5
732 5
733 2
734 1
735 2
736 4
737 2
738 4
739 5
740 4
741 3
742 4
743 5
744 3
745 2
746 1
747 0
748 2
749 3
750 3
751 4
752 4
753 3
754 2
755 3
756 2
757 3
758 1
759 3
760 2
761 2
762 4
763 4
764 2
765 2
766 4
767 1
768 2
769 1
770 2
771 4
772 3
773 2
774 4
775 2
776 2
777 4
778 4
779 0
780 0
781 3
782 4
783 4
784 5
785 0
786 3
787 4
788 1
789 0
790 4
791 2
792 5
793 2
794 2
795 1
796 2
797 5
798 5
799 2
800 3
801 1
802 2
803 0
804 3
805 3
806 0
807 2
808 4
809 4
810 5
811 4
812 4
813 3
814 0
815 4
816 1
817 0
818 2
819 4
820 4
821 1
822 0
823 1
824 5
825 0
826 1
827 1
828 1
829 4
830 5
831 2
832 5
833 5
834 3
835 2
836 1
837 1
838 3
839 2
840 0
841 3
842 5
843 5
844 5
845 3
846 5
847 1
848 0
849 1
850 2
851 2
852 1
853 4
854 4
855 1
856 4
857 2
858 5
859 0
860 4
861 3
862 3
863 0
864 3
865 4
866 5
867 1
868 1
869 3
870 5
871 3
872 2
873 5
874 3
875 2
876 0
877 3
878 5
879 4
880 0
881 3
882 2
883 5
884 5
885 2
886 3
887 2
888 5
889 3
890 0
891 0
892 0
893 4
894 2
895 2
896 0
897 5
898 5
899 3
900 3
901 3
902 4
903 5
904 3
905 2
906 5
907 2
908 1
909 3
910 3
911 4
912 2
913 5
914 3
915 4
916 2
917 3
918 1
919 0
920 4
921 4
922 0
923 4
924 4
925 2
926 0
927 4
928 0
929 2
930 2
931 2
932 0
933 5
934 0
935 3
936 3
937 2
938 5
939 1
940 2
941 2
942 5
943 5
944 2
945 3
946 1
947 4
948 2
949 5
950 4
951 4
952 5
953 2
954 5
955 3
956 4
957 1
958 5
959 4
960 1
961 3
962 2
963 3
964 3
965 2
966 2
967 2
968 2
969 5
970 4
971 3
972 2
973 3
974 4
975 1
976 3
977 5
978 2
979 1
980 0
981 2
982 2
983 3
984 3
985 2
986 3
987 5
988 1
989 3
990 0
991 4
992 2
993 2
994 2
995 2
996 2
997 1
998 1
999 3
1000 4
1001 3
1002 4
1003 1
1004 4
1005 5
1006 5
1007 5
1008 2
1009 2
1010 2
1011 1
1012 2
1013 2
1014 4
1015 2
1016 1
1017 3
1018 4
1019 2
1020 2
1021 1
1022 4
1023 1
1024 2
1025 2
1026 3
1027 4
1028 3
1029 1
1030 3
1031 0
1032 1
1033 3
1034 2
1035 1
1036 2
1037 4
1038 5
1039 4
1040 2
1041 0
1042 3
1043 0
1044 3
1045 4
1046 4
1047 1
1048 5
1049 4
1050 2
1051 1
1052 4
1053 5
1054 2
1055 5
1056 1
1057 2
1058 2
1059 1
1060 1
1061 1
1062 3
1063 5
1064 2
1065 3
1066 3
1067 2
1068 4
1069 3
1070 0
1071 2
1072 4
1073 5
1074 5
1075 3
1076 5
1077 4
1078 3
1079 3
1080 0
1081 5
1082 4
1083 5
1084 5
1085 4
1086 3
1087 4
1088 1
1089 2
1090 5
1091 2
1092 3
1093 1
1094 4
1095 5
1096 2
1097 1
1098 4
1099 3
1100 3
1101 4
1102 4
1103 4
1104 1
1105 1
1106 0
1107 4
1108 2
1109 2
1110 4
1111 5
1112 2
1113 4
1114 5
1115 1
1116 4
1117 2
1118 2
1119 3
1120 3
1121 0
1122 2
1123 5
1124 2
1125 0
1126 2
1127 0
1128 2
1129 0
1130 2
1131 2
1132 0
1133 3
1134 2
1135 4
1136 2
1137 4
1138 5
1139 3
1140 1
1141 5
1142 0
1143 5
1144 0
1145 1
1146 1
1147 4
1148 5
1149 2
1150 5
1151 4
1152 1
1153 1
1154 1
1155 3
1156 0
1157 2
1158 1
1159 3
1160 1
1161 2
1162 4
1163 1
1164 4
1165 3
1166 4
1167 1
1168 2
1169 4
1170 4
1171 3
1172 5
1173 0
1174 2
1175 0
1176 2
1177 1
1178 2
1179 2
1180 0
1181 2
1182 1
1183 0
1184 5
1185 0
1186 5
1187 2
1188 1
1189 2
1190 2
1191 5
1192 3
1193 0
1194 5
1195 2
1196 4
1197 1
1198 2
1199 5
1200 4
1201 4
1202 1
1203 3
1204 5
1205 2
1206 1
1207 5
1208 5
1209 5
1210 4
1211 3
1212 2
1213 3
1214 2
1215 2
1216 1
1217 0
1218 5
1219 2
1220 0
1221 4
1222 3
1223 0
1224 2
1225 4
1226 2
1227 5
1228 3
1229 2
1230 2
1231 4
1232 2
1233 4
1234 2
1235 4
1236 2
1237 5
1238 2
1239 4
1240 3
1241 5
1242 2
1243 2
1244 5
1245 5
1246 0
1247 4
1248 2
1249 0
1250 5
1251 2
1252 4
1253 3
1254 3
1255 1
1256 4
1257 2
1258 4
1259 3
1260 0
1261 2
1262 3
1263 3
1264 3
1265 4
1266 4
1267 0
1268 2
1269 3
1270 4
1271 4
1272 2
1273 2
1274 5
1275 1
1276 3
1277 5
1278 5
1279 5
1280 4
1281 2
1282 1
1283 4
1284 2
1285 2
1286 5
1287 5
1288 5
1289 3
1290 2
1291 0
1292 2
1293 0
1294 1
1295 2
1296 3
1297 3
1298 3
1299 2
1300 2
1301 2
1302 4
1303 4
1304 1
1305 2
1306 3
1307 4
1308 5
1309 3
1310 5
1311 4
1312 2
1313 1
1314 3
1315 4
1316 3
1317 2
1318 2
1319 3
1320 3
1321 1
1322 0
1323 3
1324 4
1325 0
1326 4
1327 5
1328 3
1329 4
1330 3
1331 2
1332 5
1333 2
1334 5
1335 4
1336 2
1337 1
1338 0
1339 1
1340 0
1341 1
1342 2
1343 2
1344 1
1345 5
1346 2
1347 1
1348 0
1349 3
1350 2
1351 2
1352 0
1353 4
1354 1
1355 2
1356 5
1357 2
1358 2
1359 2
1360 4
1361 3
1362 1
1363 5
1364 4
1365 3
1366 0
1367 1
1368 3
1369 4
1370 5
1371 2
1372 0
1373 3
1374 0
1375 3
1376 2
1377 2
1378 1
1379 3
1380 4
1381 3
1382 3
1383 4
1384 1
1385 4
1386 2
1387 4
1388 4
1389 0
1390 4
1391 5
1392 5
1393 2
1394 1
1395 3
1396 1
1397 4
1398 1
1399 2
1400 1
1401 5
1402 1
1403 5
1404 3
1405 3
1406 3
1407 3
1408 2
1409 2
1410 4
1411 5
1412 3
1413 1
1414 2
1415 2
1416 4
1417 2
1418 4
1419 0
1420 2
1421 2
1422 3
1423 4
1424 2
1425 5
1426 4
1427 2
1428 3
1429 1
1430 2
1431 5
1432 2
1433 5
1434 0
1435 5
1436 3
1437 4
1438 3
1439 2
1440 2
1441 5
1442 4
1443 2
1444 1
1445 0
1446 0
1447 4
1448 3
1449 4
1450 4
1451 0
1452 2
1453 2
1454 0
1455 4
1456 1
1457 0
1458 0
1459 3
1460 3
1461 4
1462 1
1463 1
1464 0
1465 5
1466 2
1467 2
1468 3
1469 4
1470 2
1471 3
1472 4
1473 2
1474 4
1475 4
1476 2
1477 4
1478 4
1479 5
1480 2
1481 1
1482 1
1483 2
1484 3
1485 4
1486 2
1487 2
1488 4
1489 2
1490 2
1491 2
1492 2
1493 1
1494 2
1495 0
1496 5
1497 2
1498 2
1499 2
1500 3
1501 3
1502 1
1503 3
1504 3
1505 4
1506 5
1507 0
1508 0
1509 2
1510 3
1511 2
1512 4
1513 4
1514 2
1515 1
1516 4
1517 2
1518 1
1519 3
1520 0
1521 4
1522 4
1523 3
1524 5
1525 4
1526 3
1527 1
1528 2
1529 3
1530 3
1531 4
1532 2
1533 2
1534 1
1535 2
1536 4
1537 3
1538 0
1539 0
1540 2
1541 3
1542 2
1543 5
1544 2
1545 4
1546 2
1547 0
1548 1
1549 0
1550 3
1551 0
1552 1
1553 5
1554 5
1555 3
1556 1
1557 3
1558 2
1559 1
1560 0
1561 2
1562 4
1563 3
1564 5
1565 2
1566 2
1567 2
1568 5
1569 0
1570 1
1571 4
1572 5
1573 2
1574 4
1575 1
1576 2
1577 3
1578 4
1579 2
1580 2
1581 2
1582 3
1583 1
1584 1
1585 3
1586 4
1587 1
1588 5
1589 5
1590 2
1591 1
1592 5
1593 2
1594 3
1595 4
1596 4
1597 1
1598 1
1599 2
1600 0
1601 3
1602 5
1603 3
1604 5
1605 2
1606 1
1607 2
1608 3
1609 2
1610 5
1611 5
1612 2
1613 5
1614 3
1615 4
1616 0
1617 2
1618 2
1619 2
1620 4
1621 3
1622 2
1623 1
1624 3
1625 1
1626 4
1627 1
1628 5
1629 2
1630 2
1631 4
1632 5
1633 2
1634 3
1635 2
1636 0
1637 5
1638 4
1639 1
1640 2
1641 3
1642 2
1643 1
1644 2
1645 0
1646 2
1647 2
1648 2
1649 2
1650 3
1651 1
1652 2
1653 1
1654 2
1655 1
1656 4
1657 2
1658 2
1659 3
1660 4
1661 5
1662 3
1663 2
1664 3
1665 2
1666 1
1667 5
1668 3
1669 0
1670 2
1671 5
1672 3
1673 3
1674 3
1675 5
1676 0
1677 5
1678 4
1679 4
1680 1
1681 5
1682 1
1683 4
1684 4
1685 0
1686 0
1687 5
1688 1
1689 0
1690 2
1691 4
1692 4
1693 4
1694 5
1695 1
1696 2
1697 2
1698 3
1699 2
1700 1
1701 4
1702 0
1703 2
1704 0
1705 0
1706 3
1707 3
1708 2
1709 5
1710 4
1711 0
1712 0
1713 1
1714 0
1715 5
1716 4
1717 3
1718 1
1719 1
1720 3
1721 4
1722 1
1723 1
1724 2
1725 2
1726 5
1727 4
1728 5
1729 5
1730 1
1731 2
1732 2
1733 5
1734 2
1735 4
1736 1
1737 1
1738 0
1739 5
1740 2
1741 5
1742 1
1743 2
1744 5
1745 5
1746 4
1747 1
1748 1
1749 2
1750 1
1751 2
1752 1
1753 4
1754 2
1755 3
1756 4
1757 2
1758 1
1759 2
1760 2
1761 2
1762 5
1763 5
1764 1
1765 0
1766 0
1767 2
1768 1
1769 5
1770 3
1771 4
1772 5
1773 3
1774 0
1775 4
1776 3
1777 2
1778 4
1779 5
1780 4
1781 0
1782 0
1783 5
1784 5
1785 4
1786 2
1787 2
1788 2
1789 4
1790 5
1791 4
1792 4
1793 1
1794 1
1795 1
1796 2
1797 4
1798 0
1799 2
1800 3
1801 1
1802 3
1803 5
1804 1
1805 5
1806 3
1807 3
1808 5
1809 5
1810 3
1811 3
1812 2
1813 4
1814 1
1815 3
1816 1
1817 4
1818 3
1819 0
1820 5
1821 2
1822 5
1823 3
1824 2
1825 2
1826 4
1827 2
1828 2
1829 0
1830 3
1831 2
1832 4
1833 0
1834 2
1835 0
1836 4
1837 1
1838 1
1839 3
1840 0
1841 3
1842 4
1843 1
1844 2
1845 5
1846 3
1847 5
1848 2
1849 1
1850 2
1851 5
1852 0
1853 1
1854 2
1855 5
1856 5
1857 4
1858 5
1859 2
1860 3
1861 0
1862 3
1863 5
1864 3
1865 4
1866 1
1867 3
1868 5
1869 1
1870 4
1871 1
1872 2
1873 4
1874 3
1875 1
1876 2
1877 3
1878 3
1879 2
1880 2
1881 0
1882 3
1883 1
1884 2
1885 3
1886 1
1887 3
1888 3
1889 1
1890 5
1891 4
1892 0
1893 5
1894 1
1895 2
1896 1
1897 1
1898 2
1899 4
1900 1
1901 1
1902 1
1903 5
1904 4
1905 5
1906 5
1907 4
1908 3
1909 1
1910 2
1911 5
1912 4
1913 5
1914 1
1915 3
1916 3
1917 4
1918 2
1919 4
1920 2
1921 4
1922 2
1923 2
1924 4
1925 1
1926 4
1927 5
1928 3
1929 3
1930 5
1931 0
1932 4
1933 3
1934 0
1935 5
1936 5
1937 4
1938 1
1939 4
1940 2
1941 3
1942 3
1943 2
1944 1
1945 4
1946 4
1947 3
1948 3
1949 3
1950 2
1951 1
1952 4
1953 2
1954 5
1955 1
1956 2
1957 5
1958 2
1959 2
1960 3
1961 2
1962 5
1963 5
1964 1
1965 2
1966 3
1967 4
1968 5
1969 5
1970 4
1971 3
1972 1
1973 3
1974 2
1975 1
1976 2
1977 5
1978 0
1979 4
1980 2
1981 3
1982 0
1983 5
1984 0
1985 1
1986 2
1987 2
1988 0
1989 1
1990 5
1991 1
1992 4
1993 5
1994 2
1995 2
1996 2
1997 2
1998 2
1999 4
2000 1
2001 0
2002 2
2003 2
2004 3
2005 4
2006 4
2007 3
2008 5
2009 4
2010 5
2011 2
2012 5
2013 3
2014 1
2015 3
2016 2
2017 3
2018 1
2019 3
2020 3
2021 2
2022 3
2023 2
2024 2
2025 4
2026 1
2027 5
2028 4
2029 5
2030 4
2031 5
2032 2
2033 3
2034 4
2035 0
2036 3
2037 1
2038 1
2039 1
2040 0
2041 3
2042 5
2043 5
2044 2
2045 1
2046 1
2047 2
2048 1
2049 2
2050 4
2051 2
2052 4
2053 2
2054 4
2055 4
2056 0
2057 2
2058 5
2059 4
2060 2
2061 3
2062 3
2063 3
2064 2
2065 5
2066 4
2067 5
2068 3
2069 4
2070 2
2071 5
2072 5
2073 1
2074 0
2075 1
2076 3
2077 2
2078 4
2079 2
2080 4
2081 1
2082 0
2083 3
2084 5
2085 4
2086 2
2087 2
2088 0
2089 2
2090 5
2091 2
2092 3
2093 1
2094 5
2095 5
2096 0
2097 2
2098 0
2099 3
2100 4
2101 1
2102 2
2103 3
2104 5
2105 3
2106 3
2107 2
2108 1
2109 1
2110 1
2111 0
2112 4
2113 2
2114 0
2115 2
2116 2
2117 4
2118 1
2119 1
2120 4
2121 2
2122 2
2123 3
2124 2
2125 2
2126 0
2127 5
2128 2
2129 3
2130 1
2131 3
2132 4
2133 0
2134 4
2135 5
2136 1
2137 0
2138 2
2139 2
2140 5
2141 1
2142 3
2143 2
2144 2
2145 2
2146 4
2147 1
2148 1
2149 4
2150 4
2151 2
2152 1
2153 4
2154 4
2155 5
2156 0
2157 0
2158 3
2159 3
2160 5
2161 1
2162 2
2163 4
2164 1
2165 2
2166 2
2167 4
2168 2
2169 5
2170 1
2171 5
2172 1
2173 2
2174 3
2175 2
2176 2
2177 4
2178 3
2179 4
2180 5
2181 2
2182 2
2183 2
2184 4
2185 2
2186 2
2187 1
2188 1
2189 4
2190 4
2191 5
2192 3
2193 1
2194 1
2195 5
2196 3
2197 2
2198 1
2199 2
2200 2
2201 1
2202 5
2203 4
2204 2
2205 2
2206 2
2207 4
2208 3
2209 3
2210 4
2211 2
2212 4
2213 1
2214 5
2215 4
2216 2
2217 2
2218 4
2219 1
2220 4
2221 2
2222 5
2223 3
2224 1
2225 5
2226 2
2227 1
2228 3
2229 0
2230 2
2231 5
2232 3
2233 3
2234 2
2235 2
2236 4
2237 3
2238 5
2239 2
2240 4
2241 0
2242 2
2243 0
2244 2
2245 4
2246 2
2247 2
2248 1
2249 4
2250 3
2251 4
2252 4
2253 2
2254 2
2255 5
2256 3
2257 2
2258 4
2259 4
2260 3
2261 4
2262 4
2263 0
2264 2
2265 0
2266 5
2267 2
2268 0
2269 0
2270 2
2271 1
2272 1
2273 3
2274 2
2275 4
2276 2
2277 2
2278 4
2279 2
2280 0
2281 2
2282 2
2283 4
2284 3
2285 3
2286 4
2287 0
2288 5
2289 1
2290 0
2291 2
2292 4
2293 2
2294 3
2295 2
2296 4
2297 3
2298 2
2299 2
2300 4
2301 4
2302 3
2303 2
2304 3
2305 5
2306 5
2307 3
2308 3
2309 3
2310 5
2311 3
2312 4
2313 2
2314 4
2315 2
2316 4
2317 0
2318 4
2319 2
2320 3
2321 3
2322 3
2323 3
2324 1
2325 3
2326 3
2327 0
2328 2
2329 0
2330 1
2331 1
2332 0
2333 2
2334 5
2335 4
2336 1
2337 0
2338 0
2339 4
2340 0
2341 3
2342 3
2343 5
2344 4
2345 4
2346 4
2347 5
2348 3
2349 0
2350 3
2351 3
2352 3
2353 3
2354 3
2355 1
2356 1
2357 3
2358 3
2359 3
2360 2
2361 2
2362 1
2363 3
2364 3
2365 0
2366 5
2367 5
2368 5
2369 3
2370 2
2371 3
2372 3
2373 2
2374 2
2375 3
2376 5
2377 2
2378 5
2379 1
2380 1
2381 0
2382 1
2383 4
2384 1
2385 0
2386 2
2387 1
2388 3
2389 3
2390 2
2391 4
2392 3
2393 3
2394 2
2395 1
2396 2
2397 2
2398 2
2399 0
2400 0
2401 3
2402 0
2403 3
2404 2
2405 2
2406 2
2407 2
2408 0
2409 3
2410 3
2411 4
2412 4
2413 2
2414 1
2415 2
2416 2
2417 2
2418 2
2419 3
2420 1
2421 1
2422 2
2423 5
2424 5
2425 5
2426 1
2427 1
2428 0
2429 2
2430 4
2431 3
2432 0
2433 1
2434 3
2435 2
2436 3
2437 4
2438 3
2439 2
2440 4
2441 4
2442 3
2443 1
2444 2
2445 0
2446 2
2447 4
2448 4
2449 4
2450 4
2451 4
2452 4
2453 5
2454 0
2455 3
2456 0
2457 1
2458 3
2459 1
2460 3
2461 1
2462 3
2463 4
2464 4
2465 3
2466 3
2467 2
2468 5
2469 3
2470 2
2471 2
2472 2
2473 0
2474 2
2475 2
2476 5
2477 0
2478 1
2479 2
2480 2
2481 2
2482 5
2483 1
2484 2
2485 5
2486 5
2487 2
2488 2
2489 2
2490 2
2491 5
2492 5
2493 5
2494 3
2495 4
2496 4
2497 4
2498 1
2499 0
2500 3
2501 0
2502 0
2503 5
2504 5
2505 1
2506 1
2507 1
2508 3
2509 3
2510 3
2511 3
2512 5
2513 1
2514 4
2515 4
2516 1
2517 1
2518 1
2519 3
2520 2
2521 3
2522 2
2523 2
2524 5
2525 2
2526 0
2527 1
2528 3
2529 3
2530 0
2531 4
2532 4
2533 1
2534 1
2535 1
2536 1
2537 1
2538 5
2539 3
2540 3
2541 5
2542 2
2543 5
2544 5
2545 2
2546 2
2547 4
2548 5
2549 5
2550 5
2551 5
2552 3
2553 2
2554 0
2555 0
2556 2
2557 4
2558 0
2559 0
2560 4
2561 5
2562 4
2563 3
2564 2
2565 2
2566 1
2567 5
2568 5
2569 2
2570 1
2571 2
2572 4
2573 1
2574 1
2575 1
2576 3
2577 1
2578 4
2579 5
2580 0
2581 0
2582 1
2583 3
2584 1
2585 2
2586 3
2587 1
2588 0
2589 1
2590 2
2591 0
2592 1
2593 3
2594 2
2595 0
2596 2
2597 2
2598 2
2599 2
2600 3
2601 4
2602 4
2603 5
2604 0
2605 3
2606 4
2607 2
2608 4
2609 4
2610 4
2611 4
2612 4
2613 0
2614 0
2615 1
2616 4
2617 1
2618 1
2619 5
2620 4
2621 2
2622 3
2623 0
2624 3
2625 2
2626 2
2627 5
2628 5
2629 3
2630 3
2631 4
2632 2
2633 1
2634 5
2635 0
2636 4
2637 2
2638 2
2639 2
2640 2
2641 2
2642 5
2643 0
2644 0
2645 2
2646 4
2647 1
2648 1
2649 2
2650 2
2651 2
2652 3
2653 1
2654 3
2655 3
2656 4
2657 4
2658 0
2659 0
2660 2
2661 4
2662 4
2663 2
2664 2
2665 2
2666 2
2667 2
2668 2
2669 5
2670 4
2671 2
2672 4
2673 4
2674 2
2675 1
2676 2
2677 0
2678 2
2679 4
2680 2
2681 2
2682 2
2683 4
2684 3
2685 5
2686 5
2687 3
2688 4
2689 3
2690 1
2691 1
2692 2
2693 5
2694 1
2695 1
2696 3
2697 3
2698 3
2699 0
2700 0
2701 3
2702 1
2703 1
2704 1
2705 1
2706 1
2707 1
2708 1
2709 1
2710 1
2711 1
2712 1
2713 4
2714 4
2715 2
2716 2
2717 2
2718 2
2719 2
2720 2
2721 4
2722 3
2723 3
2724 3
2725 5
2726 5
2727 5
2728 2
2729 5
2730 5
2731 4
2732 5
2733 5
2734 4
2735 2
2736 2
2737 2
2738 3
2739 3
2740 4
2741 4
2742 5
2743 2
2744 5
2745 1
2746 5
2747 5
2748 5
2749 3
2750 4
2751 1
2752 4
2753 5
2754 2
2755 2
2756 1
2757 3
2758 1
2759 2
2760 3
2761 5
2762 5
2763 5
2764 5
2765 5
2766 5
2767 5
2768 2
2769 2
2770 2
2771 4
2772 5
2773 5
2774 2
2775 2
2776 0
2777 5
2778 3
2779 3
2780 3
2781 5
2782 3
2783 2
2784 2
2785 2
2786 2
2787 0
2788 0
2789 4
2790 5
2791 1
2792 1
2793 3
2794 1
2795 1
2796 1
2797 2
2798 4
2799 3
2800 1
2801 3
2802 3
2803 3
2804 3
2805 3
2806 1
2807 2
2808 2
2809 1
2810 1
2811 5
2812 0
2813 3
2814 4
2815 4
2816 4
2817 4
2818 5
2819 4
2820 2
2821 2
2822 2
2823 2
2824 2
2825 2
2826 2
2827 3
2828 3
2829 2
2830 2
2831 1
2832 0
2833 5
2834 0
2835 4
2836 4
2837 1
2838 2
2839 2
2840 4
2841 5
2842 2
2843 2
2844 4
2845 4
2846 2
2847 3
2848 0
2849 1
2850 1
2851 1
2852 1
2853 3
2854 1
2855 0
2856 1
2857 5
2858 1
2859 2
2860 2
2861 3
2862 2
2863 0
2864 2
2865 2
2866 3
2867 3
2868 3
2869 2
2870 2
2871 0
2872 5
2873 0
2874 3
2875 3
2876 3
2877 2
2878 3
2879 5
2880 2
2881 3
2882 2
2883 2
2884 0
2885 5
2886 2
2887 2
2888 3
2889 3
2890 3
2891 1
2892 3
2893 0
2894 3
2895 3
2896 2
2897 3
2898 4
2899 4
2900 4
2901 4
2902 4
2903 4
2904 3
2905 3
2906 1
2907 0
2908 3
2909 4
2910 4
2911 4
2912 2
2913 4
2914 2
2915 1
2916 1
2917 1
2918 4
2919 1
2920 4
2921 4
2922 1
2923 5
2924 2
2925 2
2926 2
2927 2
2928 5
2929 5
2930 1
2931 4
2932 2
2933 1
2934 1
2935 5
2936 3
2937 3
2938 0
2939 5
2940 5
2941 5
2942 2
2943 5
2944 5
2945 4
2946 0
2947 1
2948 5
2949 5
2950 4
2951 4
2952 4
2953 1
2954 2
2955 0
2956 0
2957 0
2958 0
2959 0
2960 1
2961 3
2962 1
2963 4
2964 2
2965 5
2966 1
2967 2
2968 2
2969 2
2970 1
2971 2
2972 0
2973 4
2974 5
2975 5
2976 1
2977 4
2978 5
2979 5
2980 1
2981 1
2982 5
2983 0
2984 3
2985 1
2986 1
2987 1
2988 1
2989 0
2990 0
2991 2
2992 2
2993 4
2994 3
2995 5
2996 1
2997 1
2998 3
2999 5
3000 2
3001 1
3002 2
3003 5
3004 5
3005 5
3006 5
3007 5
3008 2
3009 4
3010 4
3011 5
3012 4
3013 2
3014 2
3015 5
3016 1
3017 4
3018 4
3019 1
3020 2
3021 3
3022 5
3023 3
3024 1
3025 0
3026 4
3027 1
3028 1
3029 4
3030 2
3031 2
3032 5
3033 5
3034 2
3035 5
3036 3
3037 3
3038 3
3039 4
3040 2
3041 2
3042 1
3043 3
3044 5
3045 3
3046 4
3047 4
3048 4
3049 5
3050 4
3051 4
3052 5
3053 5
3054 2
3055 2
3056 0
3057 0
3058 1
3059 1
3060 4
3061 5
3062 2
3063 2
3064 5
3065 4
3066 1
3067 1
3068 5
3069 5
3070 2
3071 4
3072 1
3073 2
3074 2
3075 4
3076 4
3077 4
3078 1
3079 1
3080 1
3081 1
3082 5
3083 1
3084 5
3085 3
3086 2
3087 0
3088 1
3089 1
3090 1
3091 1
3092 2
3093 2
3094 3
3095 3
3096 1
3097 1
3098 2
3099 4
3100 0
3101 2
3102 5
3103 5
3104 3
3105 5
3106 5
3107 5
3108 5
3109 5
3110 5
3111 3
3112 1
3113 5
3114 2
3115 2
3116 3
3117 4
3118 4
3119 4
3120 4
3121 0
3122 3
3123 5
3124 3
3125 5
3126 1
3127 0
3128 3
3129 3
3130 4
3131 4
3132 5
3133 0
3134 0
3135 3
3136 2
3137 5
3138 3
3139 5
3140 2
3141 1
3142 2
3143 5
3144 3
3145 3
3146 4
3147 4
3148 4
3149 2
3150 1
3151 1
3152 5
3153 4
3154 4
3155 5
3156 5
3157 3
3158 2
3159 5
3160 2
3161 0
3162 3
3163 0
3164 2
3165 4
3166 4
3167 2
3168 2
3169 3
3170 2
3171 3
3172 3
3173 2
3174 5
3175 3
3176 0
3177 0
3178 1
3179 1
3180 3
3181 3
3182 5
3183 1
3184 5
3185 3
3186 2
3187 3
3188 5
3189 3
3190 3
3191 3
3192 1
3193 0
3194 5
3195 5
3196 5
3197 5
3198 2
3199 1
3200 5
3201 5
3202 4
3203 3
3204 3
3205 5
3206 5
3207 4
3208 4
3209 2
3210 5
3211 0
3212 5
3213 1
3214 5
3215 4
3216 4
3217 4
3218 4
3219 5
3220 5
3221 4
3222 2
3223 4
3224 3
3225 5
3226 3
3227 3
3228 1
3229 1
3230 1
3231 4
3232 4
3233 2
3234 2
3235 2
3236 0
3237 1
3238 5
3239 5
3240 3
3241 4
3242 3
3243 3
3244 4
3245 0
3246 1
3247 2
3248 5
3249 5
3250 2
3251 5
3252 4
3253 4
3254 1
3255 2
3256 2
3257 4
3258 2
3259 3
3260 3
3261 0
3262 3
3263 2
3264 0
3265 4
3266 2
3267 5
3268 1
3269 3
3270 3
3271 5
3272 5
3273 4
3274 0
3275 2
3276 5
3277 5
3278 5
3279 1
3280 2
3281 2
3282 4
3283 1
3284 4
3285 5
3286 5
3287 5
3288 4
3289 5
3290 4
3291 0
3292 2
3293 5
3294 4
3295 3
3296 4
3297 2
3298 2
3299 4
3300 2
3301 3
3302 3
3303 5
3304 1
3305 5
3306 5
3307 2
3308 0
3309 1
3310 0
3311 1
3312 3
3313 5
3314 4
3315 3
3316 2
3317 4
3318 4
3319 1
3320 1
3321 0
3322 1
3323 2
3324 3
3325 0
3326 5
