4
15
17
22
23
24
25
31
33
40
56
73
77
80
82
96
100
111
112
113
116
117
129
136
137
143
147
155
158
160
161
168
174
179
181
191
198
200
220
243
249
250
251
253
258
263
277
278
282
284
285
290
294
301
302
312
313
314
317
322
324
325
327
330
343
351
354
363
367
370
375
388
397
400
402
404
405
409
410
412
413
415
417
419
421
429
430
431
432
435
440
445
446
448
461
469
472
475
489
495
502
507
508
510
512
519
521
525
528
546
549
564
567
571
572
575
580
583
586
595
599
600
603
611
612
613
615
640
647
651
652
660
668
673
678
679
686
696
702
706
707
709
711
713
722
725
726
745
752
762
763
764
765
766
781
786
787
794
798
799
810
814
815
819
822
835
841
850
851
853
854
861
862
863
867
876
884
898
902
904
906
907
910
914
916
921
923
932
935
937
947
949
950
951
957
959
990
991
994
1003
1004
1007
1008
1009
1011
1015
1025
1029
1031
1032
1039
1040
1046
1048
1051
1059
1060
1064
1069
1085
1095
1097
1100
1105
1109
1111
1112
1115
1125
1126
1136
1140
1143
1147
1148
1150
1153
1154
1156
1157
1159
1162
1167
1169
1175
1178
1180
1182
1191
1194
1196
1223
1238
1241
1244
1254
1255
1262
1266
1270
1273
1281
1284
1286
1290
1302
1305
1306
1307
1310
1314
1317
1323
1324
1325
1327
1329
1350
1358
1359
1362
1375
1377
1380
1382
1383
1385
1386
1387
1389
1391
1394
1398
1403
1406
1407
1413
1419
1435
1437
1442
1446
1450
1455
1457
1459
1464
1472
1479
1480
1491
1492
1495
1502
1503
1504
1510
1512
1515
1517
1518
1520
1521
1529
1542
1547
1549
1558
1560
1564
1568
1580
1582
1583
1585
1586
1587
1589
1592
1597
1600
1602
1607
1613
1616
1629
1630
1637
1645
1646
1648
1652
1657
1674
1675
1679
1682
1686
1687
1692
1697
1706
1707
1715
1735
1737
1745
1750
1753
1768
1773
1787
1791
1799
1800
1802
1812
1821
1823
1825
1836
1843
1848
1858
1866
1867
1868
1870
1882
1884
1885
1888
1891
1900
1901
1907
1908
1911
1913
1921
1924
1932
1933
1934
1938
1941
1945
1950
1961
1976
1980
1988
1991
2001
2014
2017
2022
2023
2025
2029
2037
2038
2042
2045
2048
2050
2054
2055
2061
2062
2070
2072
2079
2094
2103
2104
2106
2114
2121
2136
2138
2151
2155
2156
2163
2177
2185
2192
2204
2205
2214
2215
2217
2218
2221
2225
2228
2234
2235
2243
2250
2254
2256
2257
2261
2264
2270
2274
2300
2301
2303
2308
2309
2310
2313
2314
2319
2338
2340
2342
2355
2356
2362
2365
2370
2372
2382
2387
2388
2395
2398
2400
2401
2405
2415
2419
2433
2436
2447
2452
2454
2459
2464
2469
2473
2479
2484
2492
2494
2496
2498
2502
2510
2516
2517
2519
2520
2521
2523
2537
2543
2544
2545
2547
2551
2552
2558
2565
2571
2572
2580
2585
2593
2596
2598
2603
2619
2620
2623
2624
2632
2635
2639
2651
2656
2658
2660
2661
2667
2672
2675
2676
2680
2683
2684
2687
2692
2694
2704
2706
2721
2725
2738
2741
2744
2745
2748
2749
2756
2757
2760
2770
2776
2789
2792
2795
2796
2798
2799
2800
2801
2810
2813
2818
2821
2822
2829
2831
2836
2837
2838
2846
2849
2858
2859
2863
2864
2870
2873
2874
2875
2877
2879
2887
2890
2895
2899
2903
2908
2911
2912
2913
2915
2916
2917
2936
2941
2942
2943
2945
2946
2947
2949
2952
2955
2957
2962
2963
2967
2982
2991
2993
2996
2997
2998
3005
3014
3015
3017
3019
3029
3030
3038
3041
3051
3052
3055
3064
3070
3072
3078
3086
3087
3101
3105
3107
3113
3116
3123
3130
3136
3138
3141
3149
3152
3155
3156
3169
3178
3179
3185
3186
3195
3197
3205
3206
3210
3212
3215
3216
3217
3219
3221
3228
3230
3233
3242
3244
3248
3258
3271
3275
3284
3286
3287
3300
3308
3319
3325
3326
