4
2053
2054
2050
9
2055
2056
2064
2066
17
20
2072
25
29
31
33
36
2090
40
2095
2098
2099
2105
2110
2114
71
65
74
2124
80
2128
2130
2132
2135
2131
90
2141
2145
2146
98
102
2151
106
107
108
2156
109
114
2168
2172
125
2176
130
133
134
136
2182
142
146
2198
151
154
159
2209
164
170
171
176
2225
2227
2224
2231
179
2230
2246
2247
199
2255
2260
2077
2263
2266
2270
224
2273
2279
230
2289
244
2083
242
250
256
257
2307
261
2303
263
2310
267
271
2320
2316
2325
282
281
2335
2336
287
2340
2345
299
2344
2349
2351
304
2350
310
311
2354
2356
308
2360
319
2369
2364
318
2378
331
2382
2384
338
2389
2390
345
2386
2391
2394
353
2402
2408
360
2412
2415
368
2418
2421
2423
376
377
379
382
383
2433
2427
2437
391
392
2440
394
397
400
2452
406
2455
404
2457
2460
413
421
2475
2479
429
427
2477
2481
434
2483
2484
445
453
2501
456
459
460
461
2509
2513
2511
2515
474
480
2528
2530
484
2534
481
2535
488
2538
493
494
2543
2540
498
499
2548
505
506
2556
507
511
514
2562
517
520
2570
2569
524
526
2576
2579
535
2584
2583
547
549
550
555
556
2607
569
2618
2614
2621
574
2627
2630
2632
2634
589
2635
592
591
597
596
604
2654
2655
2653
607
610
608
611
614
2663
615
622
626
627
2674
2676
2678
631
2675
2681
2683
2685
639
640
641
642
2689
2692
2690
2695
2696
2701
658
2707
661
665
667
668
672
674
677
680
689
690
694
697
698
704
706
708
716
718
732
736
743
744
746
750
756
761
767
2595
774
778
783
785
786
791
792
796
798
160
821
822
823
826
828
832
836
838
853
858
859
861
862
864
867
871
2616
876
884
886
887
584
895
898
899
921
926
927
928
929
931
947
949
954
2633
960
969
975
980
983
984
985
986
987
991
1000
1002
1003
1004
1006
1013
1017
1019
1025
1026
1048
1050
1051
1052
1053
1055
1057
1059
1066
1074
1079
2657
1084
1087
1088
2659
1092
1095
1101
1102
1103
1105
1109
1111
1112
1116
1118
1124
1128
634
1144
1155
1156
1161
1164
1167
1169
1170
1171
1173
1181
1185
1191
1197
1198
1208
1220
1227
1236
1237
1239
1256
1265
1266
1269
1273
1283
1284
255
1288
1295
1296
1301
1302
1306
1307
1310
1315
1318
1328
1330
1331
1332
1339
1343
1352
1356
1357
1358
1359
1360
1361
1363
1364
1370
1386
1387
1389
1395
1399
1403
1405
1406
1407
1408
1412
1413
1417
1421
1422
1423
1429
1430
1431
2319
1433
1434
1436
1449
1454
1456
1457
1458
1461
1462
1463
1469
1479
1482
1484
1487
1488
1492
1493
2333
1499
1508
1509
1511
1512
1513
1514
1521
1522
1528
1531
1538
1541
1547
1559
1560
1562
2346
1565
1566
1567
1568
1570
1574
1576
1577
1579
1580
1584
1591
1593
2352
1595
1599
1601
1608
1618
1625
1626
1629
1637
1641
1644
1657
1658
1661
1664
1668
1669
1671
1678
334
1683
1697
1701
1703
1705
1712
1714
1724
1725
1732
1735
1739
1744
1746
1748
2383
1755
1758
2385
1766
2387
1772
1776
1777
1781
1802
1804
1805
1806
1810
1812
1819
1820
1824
1826
1827
1829
1835
1837
1848
1853
1856
1857
1858
1861
1862
1863
1868
1876
375
1888
1892
1893
1895
1897
1904
1906
1912
1914
1921
1923
1928
1929
1931
1935
1939
1948
1949
1951
1960
1962
1964
1974
1975
1987
2432
1999
2003
2004
2005
2006
2009
2011
2012
2013
2020
2023
2028
2030
2035
2036
2037
2038
2040
2041
2043
2044
