1
2
3
6
2057
13
12
15
16
2065
21
2069
24
2074
28
2078
2079
2080
34
35
2084
39
37
38
2091
2086
2093
46
2089
2097
51
54
2102
2103
57
60
61
63
2113
2115
67
2117
2118
2120
77
2126
79
82
85
84
92
2143
96
2144
2149
2150
103
2155
111
105
2162
2160
2161
118
117
2167
2166
2171
2169
128
2179
132
2183
135
27
140
2188
143
144
2189
2195
147
148
152
153
2194
156
155
2207
2210
162
2211
2213
2215
167
2217
2221
2222
173
178
180
2229
186
187
2241
197
2253
2076
207
2257
210
209
211
218
227
2278
2282
2283
2284
234
238
239
240
2290
2291
247
248
2288
251
2300
252
253
254
2305
2308
2312
2088
260
269
270
273
275
2324
277
2326
2328
2329
283
2330
286
2332
2334
2339
294
295
296
298
301
303
305
306
2353
2358
314
316
2368
321
323
317
325
2381
335
337
333
340
341
344
346
348
350
351
347
2404
2406
2407
2409
363
367
370
372
374
2424
2426
378
2431
2430
385
2438
2442
396
2444
2447
399
398
405
409
410
2461
412
414
415
2464
2465
419
418
2467
2468
417
2472
2473
426
425
2476
2480
2485
438
2486
440
444
2493
446
449
452
2503
455
463
2512
465
466
470
471
472
473
467
2524
477
478
479
482
483
2536
489
2539
495
500
2550
2551
502
2555
509
2560
508
513
2559
521
523
2546
529
532
2582
2586
2587
2588
2589
2545
2591
548
551
552
2599
554
2598
2604
559
2609
562
563
564
565
566
567
2615
2617
575
2623
568
578
2628
2629
585
586
588
2639
2636
2642
2637
2647
2648
601
602
2652
2658
2664
618
619
2668
621
2670
2672
2671
633
636
638
644
645
650
2697
2698
653
654
656
657
2704
664
669
671
675
682
688
691
692
699
701
709
712
713
715
2178
720
723
729
730
733
2181
738
739
742
749
753
754
768
770
772
773
775
776
2190
784
790
794
795
802
804
807
161
827
835
837
573
841
842
843
845
850
852
854
855
865
868
870
875
877
2525
882
893
909
912
913
917
932
933
937
946
950
956
963
968
970
971
973
974
977
978
993
995
996
998
999
1005
1007
1008
1010
1011
1012
1015
1027
1033
1034
1036
1045
1061
1073
1076
1078
1081
1082
1086
1099
1104
1114
1117
1135
1137
1141
1147
1160
1165
1166
1168
1174
1177
1178
1179
1180
1182
1183
2082
1187
1189
1192
1193
1201
1202
1213
1217
1226
1228
1230
1231
1232
1234
1238
1240
1241
1244
1248
1250
1251
1259
1260
1261
1262
1275
1285
1290
1293
1297
1298
2700
1312
1313
1314
1316
1322
1324
1326
1327
2301
1338
1347
1349
1371
1376
1378
1382
1383
1384
462
276
1396
1398
1401
279
1428
464
1438
1440
1442
1443
1444
1445
1459
1486
1489
1495
1505
1510
1519
1527
1529
1539
1540
1543
1546
1549
1557
1569
312
1578
1585
1587
1588
1592
1596
1600
1602
1603
1606
1609
1616
1620
1622
1623
1627
1631
1632
1636
1643
1647
1649
1651
1654
1655
2365
1662
1672
1676
1679
1681
1684
1682
1686
1687
1688
1690
1693
339
1721
342
1726
1727
1730
1736
1737
1741
1747
1759
1764
1765
1767
1768
1769
1770
1773
1782
1786
1788
1790
1791
1793
1794
1795
1798
1800
1808
1815
1816
1817
1828
1831
1832
1836
1841
1859
1873
1877
1882
1889
1894
1901
1907
1918
1919
1930
2420
1938
1944
1945
1954
1955
1957
1963
1965
1970
1983
1985
1989
1993
1994
1995
1996
1998
1997
2000
2434
2010
2014
2016
2018
2027
2031
2032
2045
