1
2
3
6
2057
13
16
2066
21
2072
24
28
29
2078
2079
2080
34
35
39
2090
2091
2093
54
57
60
63
2114
2117
2118
71
2120
74
2124
77
2126
79
82
2132
85
90
92
96
2150
103
106
2155
111
118
2171
2172
128
2179
132
134
2183
135
136
140
143
144
147
2195
148
153
154
156
2207
159
2210
162
2213
2215
167
2217
2221
2222
173
178
2227
180
2229
2231
186
197
2253
207
210
2266
218
2270
224
227
2278
2279
2282
2283
2284
239
2289
2290
2291
244
251
2300
252
257
2305
261
263
2312
269
277
2328
2329
283
286
2335
2336
2339
294
295
296
298
2349
303
305
306
310
2358
314
316
319
2368
321
323
2381
2382
335
2384
337
338
333
2389
2390
344
345
346
348
350
351
2402
2404
2406
2409
363
2415
367
370
2421
374
376
377
2424
2426
378
382
383
2431
2430
385
2438
392
2440
2442
396
2447
405
409
410
2460
412
414
2464
2465
418
2467
2468
2472
2473
426
425
2476
429
2480
434
2485
438
440
444
2493
446
449
2503
455
463
2513
465
466
470
471
472
473
477
478
479
480
2530
482
484
483
2536
2539
2543
2550
2551
502
505
2555
509
511
2560
521
2570
523
2579
2587
2589
2591
547
548
550
551
552
554
559
2609
562
564
565
566
567
2617
575
578
2628
2629
585
2634
2635
2636
586
588
2639
2642
597
2647
601
604
2654
2658
2663
618
621
622
2672
626
627
2674
631
633
636
638
641
642
2692
644
650
653
654
656
657
661
664
667
669
671
675
677
680
682
688
691
692
697
699
704
720
723
730
733
738
739
749
750
753
754
770
773
775
790
794
795
796
802
804
807
822
826
828
835
837
842
865
867
868
870
871
875
877
882
886
893
929
931
932
933
937
946
949
963
968
970
973
974
977
978
985
987
993
1000
1005
1007
1008
1010
1011
1012
1013
1017
1027
1033
1045
1057
1061
1073
1081
1082
1087
1092
1102
1104
1112
1118
1135
1137
1156
1165
1167
1168
1174
1177
1179
1180
1182
1183
1185
1187
1189
1191
1192
1193
1197
1202
1213
1220
1226
1227
1228
1234
1236
1237
1238
1244
1248
1259
1260
1262
1273
1275
1285
1290
1293
1295
1297
1298
1307
1312
1313
1314
1316
1322
1327
1330
1331
1332
1356
1359
1370
1376
1378
1382
1396
1401
1403
1408
1413
1422
1428
1430
1438
1440
1442
1443
1444
1445
1457
1459
1462
1479
1482
1484
1486
1489
1505
1510
1512
1514
1519
1521
1522
1529
1539
1540
1546
1557
1559
1562
1569
1574
1578
1585
1587
1592
1596
1599
1600
1606
1608
1609
1616
1618
1620
1622
1623
1627
1629
1632
1636
1637
1641
1643
1649
1651
1655
1657
1664
1669
1671
1672
1676
1679
1683
1684
1686
1687
1693
1697
1703
1721
1726
1727
1739
1741
1746
1776
1781
1782
1786
1790
1791
1798
1804
1805
1806
1808
1816
1817
1819
1828
1829
1837
1841
1856
1859
1868
1876
1877
1906
1918
1919
1921
1923
1928
1929
1931
1944
1948
1949
1954
1957
1960
1963
1974
1983
2010
2013
2014
2018
2027
2031
2032
2038
2043
2045
