1
2
3
4
2053
6
2054
2050
2057
9
2055
2056
13
12
15
16
2064
2066
17
2065
21
20
2069
2072
24
2074
25
28
29
2078
2079
2080
31
34
35
2084
33
36
39
37
38
2090
2091
2086
2093
46
2089
40
2095
2098
2099
2097
51
54
2102
2103
57
2105
60
61
2110
63
419
2113
2114
2115
67
2117
2118
71
2120
74
2124
77
2126
79
80
82
2132
85
84
2135
90
92
2141
2461
96
2145
2146
98
2144
2149
2150
103
102
2151
106
2155
107
108
2156
111
109
105
2162
114
2160
2161
118
117
2168
2167
2166
2171
2172
125
2169
128
2176
130
2179
132
133
134
2183
135
136
2182
27
140
2188
142
143
144
2189
146
2195
147
148
2198
151
152
153
154
2194
156
155
2207
159
2209
2210
162
2211
2213
164
2215
167
2217
170
171
2221
2222
173
176
2225
178
2227
180
2229
2224
2231
179
2230
186
2241
197
2246
2247
199
2253
2076
207
2255
2257
210
209
2260
211
2263
2266
218
2270
224
2273
227
2278
2279
230
2282
2283
2284
234
238
239
240
2289
2290
2291
244
2083
242
247
248
250
251
2300
252
253
254
256
257
2305
2307
2308
261
2303
263
2312
2310
2088
267
260
269
270
271
2320
273
275
2324
277
2325
2326
2328
2329
282
283
281
2330
286
2335
2336
2332
2334
2339
287
2340
294
295
296
2345
298
299
2344
2349
301
303
2351
305
306
304
2353
2350
310
2358
311
2354
314
2356
316
308
2360
319
2368
321
2369
323
2364
317
318
325
2378
331
2381
2382
335
2384
337
338
333
340
2389
2390
341
344
345
346
2386
348
2391
350
351
2394
353
2402
347
2404
2406
2407
2408
2409
360
363
2412
2415
367
368
370
2418
372
2421
374
2423
376
377
2424
2426
378
379
382
383
2431
2430
385
2433
2427
2437
2438
391
392
2440
2442
394
396
2444
397
2447
399
400
398
2452
405
406
2455
404
409
410
2457
2460
412
414
415
2464
2465
418
2467
2468
421
413
417
2472
2473
426
425
2476
429
427
2477
2480
2481
434
2475
2483
2485
438
2486
440
2484
495
444
2493
446
445
449
452
453
2501
2503
455
456
459
460
461
2509
463
2512
2513
465
466
2511
2515
470
471
472
473
474
467
2524
477
478
479
480
2528
2530
482
484
483
2534
481
2535
2536
489
488
2539
2538
493
494
2543
2540
498
499
500
2548
2550
2551
502
505
506
2555
2556
509
507
511
2560
508
514
2562
513
517
2559
520
521
2570
523
2569
524
526
2546
2576
529
2579
532
535
2584
2583
2586
2587
2588
2589
2591
547
548
549
550
551
552
2599
554
2598
2604
555
556
559
2607
2609
562
563
564
565
566
567
2615
2617
569
2618
2614
2621
574
575
2623
568
578
2627
2628
2629
2630
2632
585
2634
586
588
589
2635
2639
592
2636
2642
2637
591
597
596
2647
2648
601
602
604
2652
2654
2655
2653
607
2658
610
608
611
614
2663
2664
615
618
619
2668
621
622
2670
2672
2671
626
627
2674
2676
2678
631
2675
633
2681
2683
636
2685
638
639
640
641
642
2689
2692
644
2690
2695
2696
645
650
653
654
2701
656
657
658
2704
2707
661
664
665
667
668
669
671
672
674
675
677
680
682
688
689
690
691
692
694
697
698
699
701
704
706
708
709
712
713
715
716
718
720
723
729
730
732
733
736
738
739
742
746
749
750
753
754
756
761
767
768
2595
770
772
773
774
775
776
778
2190
783
784
785
786
790
791
792
794
795
796
798
802
804
160
807
161
821
822
823
826
827
828
832
835
836
837
838
573
841
842
843
845
850
852
853
854
855
858
859
861
862
864
865
867
868
870
871
2616
875
876
877
2525
882
884
886
887
584
893
895
898
899
909
912
913
917
921
926
927
928
929
931
932
933
937
946
947
949
950
954
956
2633
960
963
968
969
970
971
973
974
975
977
978
980
983
984
985
986
987
991
993
995
996
998
999
1000
1002
1003
1004
1005
1006
1007
1008
1010
1011
1012
1013
1015
1017
1019
1025
1026
1027
1033
1034
1036
1045
1048
1050
1051
1052
1053
1055
1057
1059
1061
1066
1073
1074
1076
1078
1079
1081
1082
2657
1084
1086
1087
1088
1092
1095
1099
1101
1102
1103
1104
1105
1109
1111
1112
1114
1116
1117
1118
1124
1128
1135
1137
1141
634
1144
1147
1155
1156
1160
1161
1164
1165
1166
1167
1168
1169
1170
1171
1173
1174
1177
1178
1179
1180
1181
1182
1183
1185
1187
1189
1191
1192
1193
1197
1198
1201
1202
1208
1213
1217
1220
1226
1227
1228
1230
1231
1232
1234
1236
1237
1238
1240
1241
1244
1248
1250
1251
1256
1259
1260
1261
1262
1265
1266
1269
1273
1275
1283
1284
1285
255
1288
1290
1293
1295
1296
1297
1298
1301
1302
1306
1307
1310
1312
1313
1314
1315
1316
1318
1322
1324
1326
1327
1328
1330
1331
1332
2301
1338
1339
1343
1347
1349
1352
1356
1357
1358
1359
1360
1361
1363
1364
1370
1371
1376
1378
1382
1383
1384
1386
1389
276
1396
1398
1399
1401
1403
279
1405
1406
1407
1408
1412
1413
1417
1421
1422
1423
1428
1429
1430
1431
1433
1434
1436
464
1438
1440
1442
1443
1444
1445
1449
1454
1456
1457
1458
1459
1461
1462
1463
1469
1479
1482
1484
1486
1487
1488
1489
1492
1493
1495
2333
1499
1505
1508
1509
1510
1511
1512
1513
1514
1519
1521
1522
1527
1528
1529
1531
1538
1539
1540
1543
1546
1547
1549
1557
1559
1560
1562
2346
1565
1566
1567
1568
1569
1570
312
1574
1576
1577
1578
1579
1580
1584
1585
1587
1588
1591
1592
1593
2352
1595
1596
1599
1600
1601
1602
1603
1606
1608
1609
1616
1618
1620
1622
1623
1625
1626
1627
1629
1631
1632
1636
1637
1641
1643
1644
1647
1649
1651
1654
1655
1657
1658
2365
1661
1662
1664
1668
1669
1671
1672
1676
1678
1679
334
1681
1683
1684
1682
1686
1687
1688
1690
1693
1697
1701
1703
1705
339
1712
1714
1721
342
1724
1725
1726
1727
1730
1732
1735
1736
1737
1739
1741
1744
1746
1747
1748
2383
1755
1758
2385
1764
1765
1766
1767
1768
1769
1770
2387
1772
1776
1777
1781
1782
1786
1790
1791
1798
1800
1802
1804
1805
1806
1808
1810
1812
1815
1816
1817
1819
1820
1824
1826
1827
1828
1829
1831
1832
1835
1836
1837
1841
1848
1853
1856
1857
1858
1859
1861
1862
1863
1868
1873
1876
1877
1882
375
1888
1889
1893
1894
1895
1897
1901
1904
1906
1907
1912
1914
1918
1919
1921
1923
1928
1929
1930
1931
1935
2420
1938
1939
1944
1945
1948
1949
1951
1954
1955
1957
1960
1962
1963
1964
1965
1970
1974
1975
1983
1985
1987
1989
1993
1994
1995
1996
2432
1998
1999
1997
2000
2003
2004
2005
2006
2434
2009
2010
2011
2012
2013
2014
2016
2018
2020
2023
2027
2028
2031
2032
2035
2036
2037
2038
2040
2041
2043
2044
2045
