1
2
3
4
6
2057
13
15
16
2064
2066
17
21
2072
24
2074
28
29
2078
2079
2080
31
34
35
2084
33
36
39
2090
2091
2093
46
54
57
60
61
63
2113
2114
2117
2118
71
2120
74
2124
77
2126
79
80
82
2132
85
90
92
2141
96
2145
2150
103
106
2155
107
108
111
2162
118
2171
2172
128
2179
132
134
2183
135
136
140
142
143
144
146
147
2195
148
152
153
154
156
2207
159
2209
2210
162
2213
2215
167
2217
170
2221
2222
173
176
2225
178
2227
180
2229
2231
186
197
2247
2253
207
2255
210
2263
2266
218
2270
224
227
2278
2279
230
2282
2283
2284
234
238
239
240
2289
2290
2291
244
250
251
2300
252
253
254
256
257
2305
2307
2308
261
263
2312
269
2320
277
2328
2329
282
283
286
2335
2336
2339
294
295
296
2345
298
2349
301
303
2351
305
306
304
310
2358
311
314
316
319
2368
321
2369
323
2381
2382
335
2384
337
338
333
340
2389
2390
341
344
345
346
2386
348
350
351
353
2402
2404
2406
2408
2409
363
2412
2415
367
370
2418
2421
374
376
377
2424
2426
378
379
382
383
2431
2430
385
2433
2437
2438
391
392
2440
2442
396
2447
399
405
406
409
410
2460
412
414
2464
2465
418
2467
2468
2472
2473
426
425
2476
429
427
2477
2480
2481
434
2485
438
2486
440
444
2493
446
449
2503
455
461
463
2512
2513
465
466
2511
2515
470
471
472
473
477
478
479
480
2528
2530
482
484
483
2536
489
2539
493
494
2543
498
499
2550
2551
502
505
2555
509
511
2560
520
521
2570
523
2569
524
526
2576
529
2579
2584
2586
2587
2589
2591
547
548
550
551
552
2599
554
559
2607
2609
562
564
565
566
567
2615
2617
575
2623
578
2628
2629
2630
2632
585
2634
586
588
589
2635
2639
592
2636
2642
2637
597
2647
2648
601
604
2652
2654
2655
2658
610
2663
618
621
622
2670
2672
2671
626
627
2674
2678
631
633
2683
636
638
639
641
642
2689
2692
644
650
653
654
2701
656
657
658
661
664
665
667
669
671
674
675
677
680
682
688
689
691
692
694
697
699
701
704
708
709
720
723
730
733
736
738
739
749
750
753
754
756
770
773
775
784
790
794
795
796
802
804
807
822
823
826
828
832
835
837
838
842
845
850
852
855
865
867
868
870
871
875
877
882
886
887
584
893
895
898
917
928
929
931
932
933
937
946
949
954
963
968
969
970
973
974
977
978
983
985
987
993
996
1000
1002
1005
1007
1008
1010
1011
1012
1013
1015
1017
1027
1033
1045
1051
1052
1057
1061
1066
1073
1081
1082
1087
1092
1102
1104
1112
1116
1118
1128
1135
1137
1144
1156
1165
1167
1168
1169
1174
1177
1179
1180
1182
1183
1185
1187
1189
1191
1192
1193
1197
1202
1213
1217
1220
1226
1227
1228
1234
1236
1237
1238
1244
1248
1250
1251
1259
1260
1262
1273
1275
1283
1284
1285
1288
1290
1293
1295
1297
1298
1302
1307
1312
1313
1314
1316
1318
1322
1327
1330
1331
1332
1338
1349
1356
1357
1359
1361
1370
1376
1378
1382
1383
1384
1396
1398
1399
1401
1403
1405
1406
1408
1413
1422
1428
1430
1436
1438
1440
1442
1443
1444
1445
1454
1457
1458
1459
1461
1462
1463
1479
1482
1484
1486
1489
1505
1509
1510
1511
1512
1514
1519
1521
1522
1529
1531
1539
1540
1546
1547
1557
1559
1562
1569
1574
1577
1578
1580
1585
1587
1591
1592
1593
1596
1599
1600
1606
1608
1609
1616
1618
1620
1622
1623
1625
1627
1629
1632
1636
1637
1641
1643
1647
1649
1651
1654
1655
1657
1664
1669
1671
1672
1676
1679
1683
1684
1686
1687
1693
1697
1701
1703
1714
1721
1726
1727
1735
1739
1741
1744
1746
2383
1758
1764
1765
1766
1770
2387
1772
1776
1777
1781
1782
1786
1790
1791
1798
1802
1804
1805
1806
1808
1810
1815
1816
1817
1819
1820
1826
1828
1829
1837
1841
1853
1856
1858
1859
1861
1868
1873
1876
1877
1882
1889
1906
1912
1918
1919
1921
1923
1928
1929
1930
1931
1938
1939
1944
1948
1949
1954
1957
1960
1963
1970
1974
1975
1983
1987
1989
1998
1999
2003
2005
2010
2013
2014
2018
2027
2031
2032
2038
2041
2043
2044
2045
