1
6
2057
13
2066
2072
29
2079
2080
2090
2091
2114
2117
71
2120
74
2124
2126
79
2132
90
92
96
2150
106
2155
2171
2172
2179
134
2183
135
136
140
147
2195
154
156
2207
159
2210
2213
2215
2217
2222
178
2227
2229
2231
2253
2266
218
2270
224
227
2279
2282
2289
2290
2291
244
251
2300
257
2305
261
263
2312
2329
286
2335
2336
2339
296
2349
303
310
2358
314
316
319
321
323
2382
335
2384
338
2389
2390
344
345
348
2415
2421
376
377
2424
2426
378
382
383
2431
2438
392
2440
396
2447
2460
414
2464
2465
418
2467
2468
2473
426
429
434
438
2493
449
2503
2513
470
478
479
480
2530
482
484
2539
2543
2550
2551
505
2555
509
511
2560
521
2570
2579
2587
2589
2591
547
550
551
2609
2617
578
585
2634
2635
2636
2639
597
604
2654
2663
618
622
626
627
2674
631
638
641
642
2692
654
661
667
669
675
677
680
692
697
704
720
750
754
790
794
795
796
802
822
826
828
837
865
867
871
877
886
893
931
932
937
949
963
973
977
985
987
993
1000
1007
1008
1010
1011
1013
1017
1027
1033
1057
1061
1073
1081
1082
1087
1092
1102
1104
1112
1118
1135
1156
1165
1168
1174
1177
1180
1182
1185
1187
1191
1192
1197
1220
1226
1227
1234
1236
1237
1238
1244
1259
1260
1262
1273
1275
1290
1295
1297
1307
1312
1322
1327
1356
1359
1370
1403
1413
1422
1428
1430
1442
1444
1445
1457
1462
1479
1482
1484
1486
1489
1505
1510
1512
1514
1519
1521
1522
1539
1562
1569
1574
1578
1587
1596
1608
1609
1618
1620
1622
1627
1629
1636
1637
1641
1651
1657
1669
1671
1679
1684
1686
1721
1726
1739
1746
1776
1781
1786
1798
1804
1805
1806
1808
1817
1819
1829
1837
1856
1868
1876
1877
1906
1918
1919
1923
1928
1929
1944
1948
1949
1954
1960
1963
1974
2010
2013
2031
2032
2038
2043
2045
