0
5
7
8
10
11
14
18
19
22
23
26
30
32
41
42
43
44
45
47
48
49
50
52
53
55
56
58
59
62
64
66
68
69
70
72
73
75
76
78
81
83
86
87
88
89
91
93
94
95
97
99
100
101
104
110
112
113
115
116
119
120
121
122
123
124
126
127
129
131
137
138
139
141
145
149
150
157
158
163
165
166
168
169
172
174
175
177
181
182
183
184
185
188
189
190
191
192
193
194
195
196
198
200
201
202
203
204
205
206
208
212
213
214
215
216
217
219
220
221
222
223
225
226
228
229
231
232
233
235
236
237
241
243
245
246
249
258
259
262
264
265
266
268
272
274
278
280
284
285
288
289
290
291
292
293
297
300
302
307
309
313
315
320
322
324
326
327
328
329
330
332
336
343
349
352
354
355
356
357
358
359
361
362
364
365
366
369
371
373
380
381
384
386
387
388
389
390
393
395
401
402
403
407
408
411
416
420
422
423
424
428
430
431
432
433
435
436
437
439
441
442
443
447
448
450
451
454
457
458
468
469
475
476
485
486
487
490
491
492
496
497
501
503
504
510
512
515
516
518
519
522
525
527
528
530
531
533
534
536
537
538
539
540
541
542
543
544
545
546
553
557
558
560
561
570
571
572
576
577
579
580
581
582
583
587
590
593
594
595
598
599
600
603
605
606
609
612
613
616
617
620
623
624
625
628
629
630
632
635
637
643
646
647
648
649
651
652
655
659
660
662
663
666
670
673
676
678
679
681
683
684
685
686
687
693
695
696
700
702
703
705
707
710
711
714
717
719
721
722
724
725
726
727
728
731
734
735
737
740
741
745
747
748
751
752
755
757
758
759
760
762
763
764
765
766
769
771
777
779
780
781
782
787
788
789
793
797
799
800
801
803
805
806
808
809
810
811
812
813
814
815
816
817
818
819
820
824
825
829
830
831
833
834
839
840
844
846
847
848
849
851
856
857
860
863
866
869
872
873
874
878
879
880
881
883
885
888
889
890
891
892
894
896
897
900
901
902
903
904
905
906
907
908
910
911
914
915
916
918
919
920
922
923
924
925
930
934
935
936
938
939
940
941
942
943
944
945
948
951
952
953
955
957
958
959
961
962
964
965
966
967
972
976
979
981
982
988
989
990
992
994
997
1001
1009
1014
1016
1018
1020
1021
1022
1023
1024
1028
1029
1030
1031
1032
1035
1037
1038
1039
1040
1041
1042
1043
1044
1046
1047
1049
1054
1056
1058
1060
1062
1063
1064
1065
1067
1068
1069
1070
1071
1072
1075
1077
1080
1083
1085
1089
1090
1091
1093
1094
1096
1097
1098
1100
1106
1107
1108
1110
1113
1115
1119
1120
1121
1122
1123
1125
1126
1127
1129
1130
1131
1132
1133
1134
1136
1138
1139
1140
1142
1143
1145
1146
1148
1149
1150
1151
1152
1153
1154
1157
1158
1159
1162
1163
1172
1175
1176
1184
1186
1188
1190
1194
1195
1196
1199
1200
1203
1204
1205
1206
1207
1209
1210
1211
1212
1214
1215
1216
1218
1219
1221
1222
1223
1224
1225
1229
1233
1235
1242
1243
1245
1246
1247
1249
1252
1253
1254
1255
1257
1258
1263
1264
1267
1268
1270
1271
1272
1274
1276
1277
1278
1279
1280
1281
1282
1286
1287
1289
1291
1292
1294
1299
1300
1303
1304
1305
1308
1309
1311
1317
1319
1320
1321
1323
1325
1329
1333
1334
1335
1336
1337
1340
1341
1342
1344
1345
1346
1348
1350
1351
1353
1354
1355
1362
1365
1366
1367
1368
1369
1372
1373
1374
1375
1377
1379
1380
1381
1385
1388
1390
1391
1392
1393
1394
1397
1400
1402
1404
1409
1410
1411
1414
1415
1416
1418
1419
1420
1424
1425
1426
1427
1432
1435
1437
1439
1441
1446
1447
1448
1450
1451
1452
1453
1455
1460
1464
1465
1466
1467
1468
1470
1471
1472
1473
1474
1475
1476
1477
1478
1480
1481
1483
1485
1490
1491
1494
1496
1497
1498
1500
1501
1502
1503
1504
1506
1507
1515
1516
1517
1518
1520
1523
1524
1525
1526
1530
1532
1533
1534
1535
1536
1537
1542
1544
1545
1548
1550
1551
1552
1553
1554
1555
1556
1558
1561
1563
1564
1571
1572
1573
1575
1581
1582
1583
1586
1589
1590
1594
1597
1598
1604
1605
1607
1610
1611
1612
1613
1614
1615
1617
1619
1621
1624
1628
1630
1633
1634
1635
1638
1639
1640
1642
1645
1646
1648
1650
1652
1653
1656
1659
1660
1663
1665
1666
1667
1670
1673
1674
1675
1677
1680
1685
1689
1691
1692
1694
1695
1696
1698
1699
1700
1702
1704
1706
1707
1708
1709
1710
1711
1713
1715
1716
1717
1718
1719
1720
1722
1723
1728
1729
1731
1733
1734
1738
1740
1742
1743
1745
1749
1750
1751
1752
1753
1754
1756
1757
1760
1761
1762
1763
1771
1774
1775
1778
1779
1780
1783
1784
1785
1787
1789
1792
1796
1797
1799
1801
1803
1807
1809
1811
1813
1814
1818
1821
1822
1823
1825
1830
1833
1834
1838
1839
1840
1842
1843
1844
1845
1846
1847
1849
1850
1851
1852
1854
1855
1860
1864
1865
1866
1867
1869
1870
1871
1872
1874
1875
1878
1879
1880
1881
1883
1884
1885
1886
1887
1890
1891
1896
1898
1899
1900
1902
1903
1905
1908
1909
1910
1911
1913
1915
1916
1917
1920
1922
1924
1925
1926
1927
1932
1933
1934
1936
1937
1940
1941
1942
1943
1946
1947
1950
1952
1953
1956
1958
1959
1961
1966
1967
1968
1969
1971
1972
1973
1976
1977
1978
1979
1980
1981
1982
1984
1986
1988
1990
1991
1992
2001
2002
2007
2008
2015
2017
2019
2021
2022
2024
2025
2026
2029
2033
2034
2039
2042
2046
2047
2048
2049
2051
2052
2058
2059
2060
2061
2062
2063
2067
2068
2070
2071
2073
2075
2081
2085
2087
2092
2094
2096
2100
2101
2104
2106
2107
2108
2109
2111
2112
2116
2119
2121
2122
2123
2125
2127
2129
2133
2134
2136
2137
2138
2139
2140
2142
2147
2148
2152
2153
2154
2157
2158
2159
2163
2164
2165
2170
2173
2174
2175
2177
2180
2184
2185
2186
2187
2191
2192
2193
2196
2197
2199
2200
2201
2202
2203
2204
2205
2206
2208
2212
2214
2216
2218
2219
2220
2223
2226
2228
2232
2233
2234
2235
2236
2237
2238
2239
2240
2242
2243
2244
2245
2248
2249
2250
2251
2252
2254
2256
2258
2259
2261
2262
2264
2265
2267
2268
2269
2271
2272
2274
2275
2276
2277
2280
2281
2285
2286
2287
2292
2293
2294
2295
2296
2297
2298
2299
2302
2304
2306
2309
2311
2313
2314
2315
2317
2318
2321
2322
2323
2327
2331
2337
2338
2341
2342
2343
2347
2348
2355
2357
2359
2361
2362
2363
2366
2367
2370
2371
2372
2373
2374
2375
2376
2377
2379
2380
2388
2392
2393
2395
2396
2397
2398
2399
2400
2401
2403
2405
2410
2411
2413
2414
2416
2417
2419
2422
2425
2428
2429
2435
2436
2439
2441
2443
2445
2446
2448
2449
2450
2451
2453
2454
2456
2458
2459
2462
2463
2466
2469
2470
2471
2474
2478
2482
2487
2488
2489
2490
2491
2492
2494
2495
2496
2497
2498
2499
2500
2502
2504
2505
2506
2507
2508
2510
2514
2516
2517
2518
2519
2520
2521
2522
2523
2526
2527
2529
2531
2532
2533
2537
2541
2542
2544
2547
2549
2552
2553
2554
2557
2558
2561
2563
2564
2565
2566
2567
2568
2571
2572
2573
2574
2575
2577
2578
2580
2581
2585
2590
2592
2593
2594
2596
2597
2600
2601
2602
2603
2605
2606
2608
2610
2611
2612
2613
2619
2620
2622
2624
2625
2626
2631
2638
2640
2641
2643
2644
2645
2646
2649
2650
2651
2656
2660
2661
2662
2665
2666
2667
2669
2673
2677
2679
2680
2682
2684
2686
2687
2688
2691
2693
2694
2699
2702
2703
2705
2706
