0 68
0 334
0 391
0 469
0 472
0 480
0 490
0 497
0 567
0 606
1 66
1 199
1 417
1 568
1 674
2 9
2 20
2 103
2 349
2 634
2 659
3 7
3 19
3 90
3 108
3 129
3 236
3 326
3 502
3 506
3 544
3 554
4 154
4 322
4 332
4 395
4 434
4 530
4 685
5 147
5 344
5 580
5 623
6 29
6 189
6 529
7 3
7 70
7 81
7 125
7 143
7 210
7 285
7 352
7 473
7 559
7 600
8 207
8 372
8 441
8 473
9 2
9 12
9 130
9 349
9 357
9 575
10 43
10 170
10 200
10 341
10 343
10 623
11 18
11 207
11 331
11 354
11 462
11 663
12 9
12 123
12 168
12 219
12 454
13 134
13 183
13 232
13 235
13 485
13 575
13 625
14 80
14 166
14 207
14 226
14 333
14 380
14 647
15 174
15 425
15 536
15 637
16 266
16 431
16 640
17 43
17 45
17 50
17 63
17 262
17 433
17 595
17 597
17 654
18 11
18 70
18 134
18 143
18 241
18 540
18 615
19 3
19 31
19 176
19 220
19 507
19 508
20 2
20 103
20 118
20 311
20 689
21 57
21 118
21 268
21 486
22 49
22 120
22 123
22 232
22 247
22 398
22 521
23 29
23 96
23 170
23 262
24 79
24 236
24 261
24 341
24 438
24 512
24 516
25 403
25 410
25 469
25 545
25 546
25 583
26 45
26 262
27 207
27 418
27 464
28 45
28 111
28 351
28 474
28 569
29 6
29 23
29 119
29 373
29 640
30 170
30 571
30 607
30 651
31 19
31 91
31 198
31 229
31 364
31 415
32 408
32 521
32 620
33 69
33 198
33 250
33 361
33 503
33 582
33 636
34 44
34 141
35 460
36 496
36 559
37 54
37 86
37 232
37 316
37 546
37 637
37 654
38 72
38 401
39 248
39 353
39 487
39 556
39 615
39 685
39 693
40 663
40 675
41 342
41 380
42 425
42 651
43 10
43 17
43 265
43 328
43 388
43 489
43 527
43 530
43 542
43 609
43 614
44 34
44 179
44 329
45 17
45 26
45 28
45 349
46 262
47 469
47 490
47 623
47 630
47 686
48 147
48 207
48 327
49 22
49 200
49 654
50 17
50 318
50 567
51 280
51 432
52 139
52 225
52 270
52 310
52 404
52 423
53 55
53 146
53 307
53 494
53 608
53 630
53 636
54 37
54 157
54 654
55 53
55 519
56 94
56 184
56 396
56 658
57 21
57 183
57 508
57 625
57 658
58 63
58 388
59 94
59 216
59 353
59 440
59 500
59 501
60 184
60 347
61 111
61 470
61 608
62 64
62 268
63 17
63 58
63 388
63 489
64 62
64 184
65 562
65 563
66 1
66 428
67 359
67 425
68 0
68 170
68 247
68 326
68 487
68 653
69 33
69 170
69 205
69 243
69 447
69 615
70 7
70 18
70 199
70 295
70 314
70 537
70 687
71 480
71 500
72 38
72 115
72 428
73 198
73 507
74 236
74 316
74 424
74 567
74 590
74 610
75 250
75 462
75 474
75 536
75 622
76 289
77 393
77 607
77 694
78 202
78 510
78 671
79 24
79 107
79 175
80 14
80 161
80 222
81 7
81 85
81 562
82 375
82 456
83 150
83 193
84 489
85 81
85 562
86 37
86 364
86 527
87 130
87 424
87 602
88 169
88 170
89 200
89 344
89 399
89 559
89 594
90 3
90 173
90 331
90 593
91 31
91 445
91 519
91 547
92 96
93 308
93 348
94 56
94 59
94 275
94 405
94 669
95 654
96 23
96 92
96 103
96 202
96 588
97 103
97 125
98 193
98 221
98 252
98 259
99 143
99 473
99 563
99 603
99 687
100 489
101 220
102 123
102 410
103 2
103 20
103 96
103 97
103 152
103 592
104 170
104 454
105 354
106 170
106 285
107 79
107 373
107 470
108 3
108 278
108 537
109 504
110 198
110 447
110 560
110 580
110 630
110 636
110 668
110 693
111 28
111 61
111 229
111 339
111 349
111 654
112 129
112 160
112 409
112 627
112 649
112 672
113 327
113 569
114 245
114 654
115 72
115 253
115 576
116 473
116 595
116 640
117 259
117 288
118 20
118 21
118 134
118 136
118 529
119 29
119 338
119 475
119 507
120 22
120 179
120 299
120 362
120 367
120 465
120 473
120 511
120 669
120 685
121 201
121 405
122 288
122 359
122 424
122 622
122 663
123 12
123 22
123 102
123 183
123 327
123 380
124 170
124 327
124 574
125 7
125 97
125 176
125 606
126 143
126 228
126 543
127 350
128 161
128 609
129 3
129 112
129 194
129 235
129 315
129 640
130 9
130 87
130 288
131 139
131 184
132 224
132 654
133 174
133 260
133 567
133 568
134 13
134 18
134 118
134 207
134 246
135 136
135 540
135 567
135 615
135 622
136 118
136 135
136 340
136 401
136 527
137 349
137 607
138 654
139 52
139 131
139 637
140 187
141 34
141 198
141 249
142 571
142 617
143 7
143 18
143 99
143 126
143 172
143 288
143 323
143 334
143 372
143 385
143 442
143 473
143 481
143 507
143 540
143 564
143 631
143 647
143 667
144 454
145 298
145 334
146 53
146 273
147 5
147 48
147 180
147 384
147 561
147 572
147 667
148 426
149 184
150 83
150 437
150 632
151 298
152 103
152 609
154 4
154 430
154 438
154 543
154 551
155 308
155 341
156 501
156 567
157 54
157 287
157 603
158 617
159 418
159 548
160 112
161 80
161 128
161 246
161 609
162 271
163 543
163 564
164 169
165 193
165 504
166 14
166 308
166 547
167 280
167 393
168 12
168 408
168 445
169 88
169 164
169 454
170 10
170 23
170 30
170 68
170 69
170 88
170 104
170 106
170 124
170 202
170 651
171 249
171 531
172 143
172 340
173 90
173 636
174 15
174 133
174 517
175 79
175 349
176 19
176 125
176 431
176 478
177 202
177 592
178 635
179 44
179 120
180 147
180 246
180 681
181 565
181 679
183 13
183 57
183 123
183 428
184 56
184 60
184 64
184 131
184 149
184 630
184 668
184 669
185 575
185 611
186 334
186 525
187 140
187 189
188 247
188 606
189 6
189 187
189 428
190 614
191 268
192 395
192 543
193 83
193 98
193 165
193 198
193 221
194 129
194 428
195 470
195 555
196 676
196 694
197 418
198 31
198 33
198 73
198 110
198 141
198 193
198 605
199 1
199 70
199 246
200 10
200 49
200 89
200 262
200 523
201 121
201 349
202 78
202 96
202 170
202 177
202 580
203 228
204 349
205 69
205 426
205 473
206 238
206 675
207 8
207 11
207 14
207 27
207 48
207 134
208 251
208 486
209 574
209 585
210 7
210 486
211 402
211 441
212 254
212 663
213 508
214 428
215 256
215 651
216 59
216 519
216 543
217 427
217 504
218 303
218 646
219 12
220 19
220 101
220 540
220 567
221 98
221 193
222 80
223 405
223 592
224 132
224 527
225 52
226 14
226 540
226 626
227 288
227 325
228 126
228 203
229 31
229 111
230 373
230 462
231 423
231 546
232 13
232 22
232 37
232 521
232 542
233 291
233 393
235 13
235 129
235 431
236 3
236 24
236 74
236 443
236 486
237 503
238 206
238 396
240 608
240 651
241 18
241 284
241 289
242 500
242 580
243 69
243 454
244 279
244 408
245 114
245 312
245 550
246 134
246 161
246 180
246 199
246 681
247 22
247 68
247 188
247 273
247 561
248 39
248 392
248 478
249 141
249 171
249 327
249 531
250 33
250 75
250 340
251 208
252 98
253 115
253 544
254 212
254 431
254 663
255 354
256 215
257 511
259 98
259 117
259 402
260 133
261 24
261 377
262 17
262 23
262 26
262 46
262 200
262 651
262 654
263 298
263 324
264 358
265 43
265 576
266 16
266 423
266 473
267 298
268 21
268 62
268 191
269 428
269 511
270 52
270 599
271 162
271 525
272 562
273 146
273 247
273 676
274 410
275 94
276 351
276 527
277 389
278 108
278 291
279 244
280 51
280 167
280 432
281 595
282 651
283 655
284 241
285 7
285 106
285 431
285 663
286 527
286 654
287 157
287 603
288 117
288 122
288 130
288 143
288 227
288 582
289 76
289 241
291 233
291 278
291 565
292 507
292 527
294 404
295 70
295 335
295 552
296 358
296 663
297 428
298 145
298 151
298 263
298 267
298 619
299 120
299 608
300 408
301 528
302 393
303 218
304 562
305 332
305 395
306 324
307 53
307 622
308 93
308 155
308 166
308 408
309 400
309 537
310 52
310 432
310 692
311 20
311 351
312 245
312 550
313 507
314 70
314 534
314 573
315 129
315 410
315 527
316 37
316 74
317 342
318 50
319 547
320 493
320 654
322 4
323 143
323 428
324 263
324 306
324 676
325 227
326 3
326 68
326 663
327 48
327 113
327 123
327 124
327 249
327 687
328 43
328 460
329 44
329 454
330 529
331 11
331 90
331 456
332 4
332 305
332 425
333 14
333 384
334 0
334 143
334 145
334 186
334 525
335 295
335 498
335 669
336 654
338 119
338 353
339 111
340 136
340 172
340 250
340 532
341 10
341 24
341 155
341 510
342 41
342 317
342 461
343 10
343 360
343 623
344 5
344 89
344 405
344 497
346 454
347 60
347 651
348 93
348 608
349 2
349 9
349 45
349 111
349 137
349 175
349 201
349 204
349 350
350 127
350 349
350 462
351 28
351 276
351 311
351 414
352 7
353 39
353 59
353 338
353 394
353 473
353 615
354 11
354 105
354 255
354 408
354 454
355 637
356 580
356 665
357 9
358 264
358 296
358 677
359 67
359 122
359 425
360 343
361 33
361 567
362 120
362 588
364 31
364 86
364 476
364 654
365 375
366 507
367 120
368 473
368 592
369 425
370 669
371 473
372 8
372 143
373 29
373 107
373 230
374 423
375 82
375 365
376 396
376 536
377 261
377 567
377 623
378 644
379 637
380 14
380 41
380 123
381 606
382 431
383 682
384 147
384 333
385 143
385 676
386 654
387 472
388 43
388 58
388 63
388 489
389 277
390 512
391 0
392 248
392 431
392 461
393 77
393 167
393 233
393 302
393 398
394 353
394 663
395 4
395 192
395 305
395 435
395 507
396 56
396 238
396 376
396 405
396 663
397 553
397 616
398 22
398 393
399 89
399 645
400 309
400 537
400 654
401 38
401 136
401 428
401 478
402 211
402 259
402 425
402 588
403 25
403 479
404 52
404 294
404 680
405 94
405 121
405 223
405 344
405 396
405 669
406 637
406 663
407 584
408 32
408 168
408 244
408 300
408 308
408 354
409 112
409 663
410 25
410 102
410 274
410 315
410 452
411 523
411 588
412 418
413 610
413 619
413 641
414 351
415 31
415 480
416 609
417 1
417 527
418 27
418 159
418 197
418 412
418 475
418 548
419 527
420 654
422 482
422 589
423 52
423 231
423 266
423 374
423 428
424 74
424 87
424 122
425 15
425 42
425 67
425 332
425 359
425 369
425 402
426 148
426 205
426 683
427 217
427 543
427 663
428 66
428 72
428 183
428 189
428 194
428 214
428 269
428 297
428 323
428 401
428 423
430 154
431 16
431 176
431 235
431 254
431 285
431 382
431 392
432 51
432 280
432 310
433 17
434 4
434 486
435 395
435 507
435 680
436 650
437 150
438 24
438 154
438 622
440 59
440 527
440 677
441 8
441 211
441 589
442 143
442 523
442 665
443 236
444 519
444 521
445 91
445 168
445 690
446 521
446 589
447 69
447 110
448 669
450 613
450 683
451 495
452 410
454 12
454 104
454 144
454 169
454 243
454 329
454 346
454 354
454 527
456 82
456 331
457 610
457 669
459 687
460 35
460 328
461 342
461 392
462 11
462 75
462 230
462 350
463 655
464 27
464 624
465 120
467 489
467 602
467 609
467 627
469 0
469 25
469 47
470 61
470 107
470 195
471 654
472 0
472 387
473 7
473 8
473 99
473 116
473 120
473 143
473 205
473 266
473 353
473 368
473 371
473 554
474 28
474 75
475 119
475 418
475 654
476 364
477 507
478 176
478 248
478 401
478 606
479 403
479 523
480 0
480 71
480 415
481 143
481 580
482 422
482 623
483 502
483 512
485 13
485 675
486 21
486 208
486 210
486 236
486 434
486 527
487 39
487 68
488 694
489 43
489 63
489 84
489 100
489 388
489 467
490 0
490 47
491 651
493 320
494 53
494 511
495 451
495 527
496 36
496 654
497 0
497 344
498 335
500 59
500 71
500 242
500 502
500 504
501 59
501 156
502 3
502 483
502 500
502 610
503 33
503 237
503 620
504 109
504 165
504 217
504 500
506 3
507 19
507 73
507 119
507 143
507 292
507 313
507 366
507 395
507 435
507 477
507 529
507 651
508 19
508 57
508 213
509 527
510 78
510 341
510 523
511 120
511 257
511 269
511 494
511 512
512 24
512 390
512 483
512 511
514 548
515 625
516 24
517 174
518 547
519 55
519 91
519 216
519 444
519 521
521 22
521 32
521 232
521 444
521 446
521 519
521 526
522 654
523 200
523 411
523 442
523 479
523 510
525 186
525 271
525 334
526 521
526 538
527 43
527 86
527 136
527 224
527 276
527 286
527 292
527 315
527 417
527 419
527 440
527 454
527 486
527 495
527 509
528 301
528 661
529 6
529 118
529 330
529 507
529 530
530 4
530 43
530 529
531 171
531 249
532 340
533 654
534 314
535 640
535 666
536 15
536 75
536 376
537 70
537 108
537 309
537 400
538 526
540 18
540 135
540 143
540 220
540 226
541 626
542 43
542 232
542 544
543 126
543 154
543 163
543 192
543 216
543 427
543 663
543 683
544 3
544 253
544 542
545 25
546 25
546 37
546 231
546 569
546 623
546 631
547 91
547 166
547 319
547 518
547 575
547 647
547 664
548 159
548 418
548 514
550 245
550 312
551 154
552 295
552 669
553 397
553 616
554 3
554 473
555 195
555 651
556 39
557 654
559 7
559 36
559 89
559 695
560 110
561 147
561 247
562 65
562 81
562 85
562 272
562 304
563 65
563 99
564 143
564 163
564 565
565 181
565 291
565 564
566 571
567 0
567 50
567 74
567 133
567 135
567 156
567 220
567 361
567 377
568 1
568 133
569 28
569 113
569 546
571 30
571 142
571 566
571 637
572 147
573 314
573 637
574 124
574 209
574 651
575 9
575 13
575 185
575 547
576 115
576 265
577 677
579 651
580 5
580 110
580 202
580 242
580 356
580 481
580 609
582 33
582 288
582 605
583 25
584 407
584 620
585 209
587 651
588 96
588 362
588 402
588 411
588 665
589 422
589 441
589 446
590 74
592 103
592 177
592 223
592 368
592 609
593 90
594 89
595 17
595 116
595 281
595 681
596 610
597 17
599 270
600 7
602 87
602 467
603 99
603 157
603 287
604 605
604 699
605 198
605 582
605 604
606 0
606 125
606 188
606 381
606 478
607 30
607 77
607 137
608 53
608 61
608 240
608 299
608 348
609 43
609 128
609 152
609 161
609 416
609 467
609 580
609 592
610 74
610 413
610 457
610 502
610 596
611 185
612 663
613 450
613 683
614 43
614 190
615 18
615 39
615 69
615 135
615 353
616 397
616 553
617 142
617 158
617 651
619 298
619 413
620 32
620 503
620 584
622 75
622 122
622 135
622 307
622 438
622 655
623 5
623 10
623 47
623 343
623 377
623 482
623 546
623 640
624 464
625 13
625 57
625 515
625 684
626 226
626 541
627 112
627 467
630 47
630 53
630 110
630 184
631 143
631 546
631 644
632 150
634 2
635 178
636 33
636 53
636 110
636 173
636 637
637 15
637 37
637 139
637 355
637 379
637 406
637 571
637 573
637 636
638 647
640 16
640 29
640 116
640 129
640 535
640 623
641 413
642 682
644 378
644 631
645 399
646 218
647 14
647 143
647 547
647 638
649 112
650 436
651 30
651 42
651 170
651 215
651 240
651 262
651 282
651 347
651 491
651 507
651 555
651 574
651 579
651 587
651 617
652 663
653 68
653 669
654 17
654 37
654 49
654 54
654 95
654 111
654 114
654 132
654 138
654 262
654 286
654 320
654 336
654 364
654 386
654 400
654 420
654 471
654 475
654 496
654 522
654 533
654 557
655 283
655 463
655 622
658 56
658 57
659 2
661 528
663 11
663 40
663 122
663 212
663 254
663 285
663 296
663 326
663 394
663 396
663 406
663 409
663 427
663 543
663 612
663 652
664 547
665 356
665 442
665 588
666 535
667 143
667 147
668 110
668 184
669 94
669 120
669 184
669 335
669 370
669 405
669 448
669 457
669 552
669 653
671 78
672 112
674 1
674 696
675 40
675 206
675 485
676 196
676 273
676 324
676 385
677 358
677 440
677 577
677 678
678 677
679 181
680 404
680 435
681 180
681 246
681 595
682 383
682 642
683 426
683 450
683 543
683 613
684 625
685 4
685 39
685 120
686 47
687 70
687 99
687 327
687 459
689 20
690 445
692 310
693 39
693 110
694 77
694 196
694 488
695 559
696 674
699 604
