0 2
1 5
2 4
3 4
4 3
5 3
6 6
7 2
8 2
9 6
10 2
11 1
12 3
13 0
14 2
15 2
16 4
17 2
18 2
19 2
20 6
21 4
22 1
23 3
24 4
25 6
26 2
27 3
28 2
29 5
30 0
31 2
32 0
33 2
34 4
35 4
36 2
37 4
38 1
39 4
40 6
41 3
42 1
43 2
44 0
45 4
46 2
47 0
48 3
49 0
50 0
51 3
52 6
53 1
54 6
55 1
56 6
57 4
58 2
59 2
60 4
61 0
62 3
63 4
64 0
65 1
66 0
67 3
68 2
69 0
70 6
71 3
72 2
73 2
74 3
75 0
76 3
77 2
78 6
79 6
80 2
81 3
82 4
83 2
84 3
85 4
86 5
87 5
88 6
89 6
90 2
91 2
92 4
93 3
94 3
95 3
96 0
97 2
98 6
99 3
100 1
101 2
102 2
103 4
104 2
105 3
106 5
107 3
108 3
109 6
110 2
111 2
112 2
113 2
114 6
115 3
116 0
117 3
118 4
119 5
120 1
121 2
122 2
123 2
124 2
125 2
126 3
127 2
128 4
129 1
130 6
131 3
132 4
133 2
134 2
135 5
136 5
137 3
138 3
139 1
140 2
141 1
142 2
143 2
144 1
145 1
146 2
147 6
148 4
149 0
150 0
151 5
152 2
153 2
154 2
155 3
156 5
157 2
158 5
159 5
160 2
161 3
162 4
163 1
164 6
165 5
166 0
167 4
168 1
169 2
170 3
171 6
172 6
173 4
174 1
175 2
176 2
177 6
178 6
179 2
180 2
181 3
182 3
183 0
184 5
185 3
186 4
187 2
188 1
189 1
190 2
191 1
192 2
193 2
194 2
195 5
196 2
197 4
198 2
199 6
200 2
201 2
202 2
203 2
204 2
205 2
206 2
207 4
208 6
209 1
210 4
211 3
212 2
213 3
214 2
215 0
216 5
217 2
218 6
219 1
220 4
221 0
222 0
223 5
224 5
225 0
226 3
227 6
228 5
229 2
230 2
231 0
232 2
233 2
234 2
235 2
236 6
237 1
238 2
239 4
240 0
241 2
242 2
243 1
244 4
245 0
246 3
247 1
248 3
249 5
250 3
251 0
252 2
253 2
254 2
255 6
256 6
257 2
258 2
259 5
260 3
261 3
262 1
263 2
264 6
265 1
266 1
267 6
268 2
269 4
270 3
271 3
272 2
273 1
274 4
275 3
276 3
277 4
278 3
279 3
280 2
281 4
282 2
283 4
284 0
285 0
286 6
287 6
288 0
289 0
290 1
291 2
292 3
293 2
294 4
295 4
296 6
297 2
298 4
299 3
300 0
301 2
302 5
303 5
304 2
305 4
306 4
307 5
308 6
309 1
310 2
311 4
312 2
313 0
314 5
315 2
316 5
317 5
318 0
319 6
320 2
321 4
322 2
323 6
324 3
325 3
326 3
327 3
328 2
329 1
330 2
331 2
332 3
333 4
334 6
335 5
336 2
337 4
338 2
339 3
340 2
341 2
342 3
343 1
344 5
345 3
346 1
347 3
348 5
349 2
350 2
351 2
352 3
353 2
354 2
355 2
356 2
357 1
358 3
359 2
360 2
361 1
362 2
363 2
364 2
365 2
366 6
367 4
368 2
369 2
370 4
371 6
372 1
373 5
374 4
375 6
376 3
377 2
378 5
379 2
380 1
381 5
382 6
383 6
384 2
385 4
386 2
387 2
388 2
389 3
390 1
391 2
392 3
393 2
394 2
395 1
396 6
397 2
398 3
399 2
400 2
401 3
402 1
403 1
404 2
405 2
406 2
407 2
408 2
409 2
410 4
411 2
412 4
413 2
414 5
415 1
416 3
417 5
418 6
419 3
420 2
421 6
422 1
423 3
424 6
425 4
426 5
427 2
428 5
429 6
430 5
431 6
432 5
433 5
434 5
435 2
436 6
437 2
438 6
439 2
440 4
441 6
442 6
443 2
444 2
445 2
446 4
447 2
448 1
449 6
450 2
451 4
452 3
453 6
454 0
455 4
456 6
457 0
458 2
459 6
460 4
461 2
462 5
463 4
464 3
465 4
466 4
467 3
468 3
469 2
470 6
471 4
472 4
473 4
474 6
475 2
476 2
477 2
478 4
479 0
480 2
481 6
482 6
483 4
484 3
485 0
486 0
487 2
488 6
489 2
490 4
491 3
492 4
493 2
494 2
495 3
496 2
497 6
498 3
499 3
500 4
501 2
502 4
503 2
504 2
505 2
506 6
507 6
508 6
509 5
510 2
511 2
512 2
513 3
514 6
515 3
516 2
517 6
518 3
519 2
520 6
521 5
522 3
523 1
524 6
525 3
526 2
527 2
528 2
529 2
530 1
531 2
532 3
533 3
534 0
535 6
536 2
537 1
538 2
539 0
540 0
541 0
542 2
543 0
544 2
545 2
546 1
547 2
548 4
549 6
550 6
551 6
552 4
553 2
554 4
555 6
556 6
557 3
558 3
559 4
560 6
561 2
562 4
563 1
564 4
565 4
566 4
567 4
568 0
569 6
570 2
571 6
572 2
573 3
574 6
575 4
576 2
577 3
578 0
579 2
580 0
581 0
582 0
583 0
584 2
585 5
586 2
587 2
588 4
589 2
590 2
591 6
592 2
593 0
594 0
595 2
596 2
597 5
598 5
599 2
600 2
601 4
602 1
603 0
604 2
605 2
606 1
607 6
608 2
609 2
610 2
611 2
612 0
613 2
614 6
615 6
616 2
617 2
618 6
619 3
620 2
621 4
622 2
623 3
624 1
625 1
626 2
627 5
628 2
629 2
630 2
631 5
632 6
633 4
634 5
635 6
636 4
637 3
638 5
639 2
640 6
641 3
642 3
643 0
644 4
645 3
646 3
647 3
648 3
649 0
650 4
651 6
652 5
653 4
654 5
655 2
656 4
657 2
658 1
659 1
660 6
661 3
662 3
663 2
664 2
665 2
666 2
667 2
668 2
669 2
670 0
671 4
672 6
673 2
674 2
675 5
676 2
677 3
678 2
679 0
680 2
681 1
682 0
683 5
684 3
685 2
686 6
687 2
688 4
689 1
690 0
691 4
692 6
693 2
694 3
695 2
696 2
697 3
698 2
699 4
700 2
701 5
702 2
703 2
704 3
705 2
706 6
707 2
708 2
709 2
710 6
711 0
712 1
713 3
714 1
715 3
716 2
717 1
718 2
719 2
720 6
721 1
722 6
723 4
724 2
725 3
726 2
727 1
728 1
729 3
730 2
731 2
732 6
733 4
734 3
735 5
736 2
737 2
738 4
739 2
740 6
741 2
742 3
743 1
744 1
745 2
746 2
747 2
748 3
749 4
750 4
751 2
752 0
753 2
754 6
755 1
756 2
757 1
758 1
759 3
760 0
761 6
762 0
763 2
764 1
765 1
766 6
767 6
768 3
769 1
770 2
771 2
772 3
773 4
774 2
775 4
776 3
777 3
778 6
779 2
780 1
781 1
782 3
783 0
784 3
785 0
786 6
787 2
788 3
789 1
790 0
791 6
792 6
793 1
794 6
795 6
796 3
797 2
798 6
799 0
800 1
801 0
802 3
803 1
804 4
805 2
806 0
807 2
808 2
809 2
810 2
811 1
812 2
813 1
814 2
815 1
816 2
817 0
818 0
819 0
820 2
821 2
822 5
823 2
824 0
825 0
826 6
827 3
828 2
829 2
830 2
831 0
832 2
833 1
834 2
835 4
836 5
837 5
838 3
839 2
840 2
841 3
842 4
843 2
844 1
845 3
846 1
847 6
848 6
849 2
850 3
851 3
852 3
853 5
854 1
855 3
856 1
857 0
858 4
859 6
860 1
861 6
862 5
863 2
864 2
865 6
866 2
867 2
868 4
869 3
870 6
871 2
872 2
873 2
874 2
875 4
876 6
877 5
878 2
879 2
880 1
881 2
882 4
883 0
884 6
885 6
886 2
887 0
888 3
889 3
890 2
891 3
892 3
893 5
894 3
895 3
896 3
897 3
898 3
899 2
900 1
901 0
902 1
903 2
904 3
905 3
906 2
907 2
908 5
909 3
910 1
911 0
912 3
913 3
914 2
915 3
916 2
917 3
918 2
919 2
920 2
921 2
922 0
923 0
924 6
925 3
926 2
927 0
928 0
929 3
930 2
931 6
932 6
933 4
934 1
935 1
936 4
937 5
938 2
939 2
940 1
941 1
942 1
943 1
944 6
945 3
946 2
947 0
948 2
949 2
950 3
951 0
952 3
953 2
954 2
955 6
956 1
957 6
958 1
959 1
960 5
961 1
962 2
963 5
964 1
965 1
966 1
967 6
968 2
969 2
970 4
971 3
972 2
973 3
974 2
975 2
976 3
977 0
978 2
979 6
980 2
981 1
982 1
983 0
984 3
985 5
986 0
987 3
988 4
989 2
990 2
991 0
992 0
993 3
994 0
995 1
996 3
997 3
998 3
999 3
1000 6
1001 0
1002 0
1003 6
1004 6
1005 2
1006 6
1007 5
1008 5
1009 1
1010 5
1011 5
1012 4
1013 3
1014 2
1015 3
1016 1
1017 2
1018 1
1019 5
1020 6
1021 2
1022 2
1023 2
1024 2
1025 6
1026 6
1027 6
1028 2
1029 3
1030 1
1031 2
1032 6
1033 5
1034 1
1035 1
1036 4
1037 2
1038 2
1039 0
1040 0
1041 2
1042 2
1043 2
1044 2
1045 4
1046 0
1047 0
1048 2
1049 1
1050 2
1051 2
1052 2
1053 6
1054 1
1055 2
1056 2
1057 2
1058 2
1059 6
1060 1
1061 5
1062 2
1063 1
1064 3
1065 1
1066 2
1067 2
1068 2
1069 1
1070 1
1071 1
1072 2
1073 5
1074 6
1075 2
1076 3
1077 1
1078 3
1079 2
1080 2
1081 5
1082 5
1083 3
1084 0
1085 0
1086 3
1087 2
1088 2
1089 0
1090 3
1091 3
1092 6
1093 2
1094 2
1095 6
1096 1
1097 3
1098 1
1099 1
1100 2
1101 0
1102 5
1103 2
1104 5
1105 6
1106 1
1107 0
1108 3
1109 0
1110 1
1111 2
1112 5
1113 1
1114 1
1115 2
1116 2
1117 1
1118 4
1119 2
1120 2
1121 0
1122 0
1123 0
1124 6
1125 0
1126 0
1127 1
1128 3
1129 2
1130 1
1131 1
1132 3
1133 5
1134 2
1135 5
1136 1
1137 4
1138 0
1139 1
1140 1
1141 3
1142 1
1143 2
1144 2
1145 2
1146 2
1147 3
1148 0
1149 2
1150 2
1151 2
1152 0
1153 1
1154 0
1155 0
1156 3
1157 2
1158 3
1159 1
1160 3
1161 6
1162 3
1163 0
1164 0
1165 6
1166 3
1167 2
1168 3
1169 2
1170 6
1171 2
1172 3
1173 5
1174 6
1175 2
1176 0
1177 5
1178 1
1179 2
1180 5
1181 6
1182 5
1183 4
1184 1
1185 6
1186 6
1187 5
1188 0
1189 6
1190 2
1191 6
1192 4
1193 4
1194 0
1195 2
1196 2
1197 6
1198 5
1199 3
1200 2
1201 3
1202 4
1203 2
1204 1
1205 1
1206 1
1207 1
1208 5
1209 0
1210 0
1211 2
1212 0
1213 4
1214 0
1215 0
1216 1
1217 3
1218 1
1219 1
1220 2
1221 1
1222 2
1223 6
1224 1
1225 1
1226 5
1227 6
1228 6
1229 2
1230 1
1231 1
1232 1
1233 0
1234 5
1235 2
1236 5
1237 6
1238 6
1239 2
1240 3
1241 3
1242 2
1243 2
1244 5
1245 2
1246 2
1247 2
1248 0
1249 1
1250 2
1251 2
1252 2
1253 1
1254 2
1255 3
1256 2
1257 1
1258 2
1259 5
1260 5
1261 1
1262 2
1263 0
1264 2
1265 2
1266 2
1267 5
1268 3
1269 6
1270 6
1271 5
1272 2
1273 5
1274 1
1275 5
1276 3
1277 1
1278 0
1279 1
1280 6
1281 2
1282 2
1283 2
1284 2
1285 2
1286 1
1287 3
1288 3
1289 6
1290 5
1291 2
1292 5
1293 6
1294 3
1295 3
1296 6
1297 5
1298 2
1299 1
1300 2
1301 5
1302 0
1303 1
1304 0
1305 1
1306 2
1307 2
1308 3
1309 6
1310 2
1311 1
1312 5
1313 2
1314 4
1315 2
1316 4
1317 0
1318 2
1319 2
1320 2
1321 2
1322 5
1323 2
1324 3
1325 1
1326 3
1327 6
1328 5
1329 5
1330 1
1331 2
1332 2
1333 1
1334 1
1335 6
1336 6
1337 5
1338 3
1339 6
1340 2
1341 2
1342 2
1343 6
1344 0
1345 0
1346 2
1347 3
1348 0
1349 3
1350 2
1351 1
1352 2
1353 2
1354 0
1355 0
1356 2
1357 3
1358 6
1359 2
1360 6
1361 2
1362 1
1363 6
1364 6
1365 2
1366 2
1367 0
1368 0
1369 1
1370 5
1371 1
1372 3
1373 4
1374 2
1375 6
1376 4
1377 0
1378 4
1379 1
1380 1
1381 2
1382 2
1383 2
1384 2
1385 0
1386 6
1387 3
1388 6
1389 2
1390 3
1391 2
1392 1
1393 3
1394 6
1395 2
1396 2
1397 3
1398 2
1399 2
1400 6
1401 4
1402 6
1403 2
1404 1
1405 2
1406 2
1407 0
1408 1
1409 1
1410 1
1411 2
1412 0
1413 5
1414 3
1415 3
1416 0
1417 2
1418 2
1419 3
1420 0
1421 3
1422 6
1423 0
1424 1
1425 3
1426 0
1427 3
1428 5
1429 5
1430 6
1431 2
1432 1
1433 6
1434 2
1435 2
1436 3
1437 2
1438 4
1439 1
1440 4
1441 1
1442 5
1443 4
1444 5
1445 5
1446 2
1447 4
1448 0
1449 6
1450 2
1451 2
1452 6
1453 0
1454 6
1455 1
1456 6
1457 1
1458 3
1459 4
1460 6
1461 2
1462 2
1463 2
1464 2
1465 0
1466 1
1467 1
1468 6
1469 6
1470 2
1471 2
1472 2
1473 1
1474 1
1475 0
1476 1
1477 2
1478 6
1479 5
1480 3
1481 1
1482 6
1483 0
1484 6
1485 2
1486 5
1487 2
1488 2
1489 5
1490 2
1491 2
1492 2
1493 2
1494 2
1495 1
1496 0
1497 0
1498 1
1499 2
1500 6
1501 3
1502 3
1503 3
1504 3
1505 6
1506 3
1507 3
1508 2
1509 2
1510 0
1511 2
1512 6
1513 0
1514 6
1515 1
1516 1
1517 2
1518 1
1519 5
1520 2
1521 6
1522 6
1523 1
1524 2
1525 3
1526 2
1527 3
1528 5
1529 4
1530 1
1531 0
1532 3
1533 1
1534 0
1535 0
1536 1
1537 0
1538 2
1539 5
1540 4
1541 3
1542 0
1543 3
1544 1
1545 3
1546 4
1547 2
1548 3
1549 3
1550 3
1551 2
1552 0
1553 4
1554 0
1555 3
1556 2
1557 6
1558 1
1559 2
1560 6
1561 6
1562 2
1563 1
1564 2
1565 2
1566 6
1567 6
1568 6
1569 5
1570 5
1571 1
1572 1
1573 1
1574 3
1575 1
1576 5
1577 2
1578 5
1579 2
1580 2
1581 4
1582 3
1583 1
1584 0
1585 4
1586 6
1587 5
1588 1
1589 1
1590 1
1591 2
1592 2
1593 3
1594 1
1595 2
1596 5
1597 0
1598 1
1599 4
1600 2
1601 5
1602 3
1603 1
1604 2
1605 3
1606 2
1607 6
1608 2
1609 5
1610 2
1611 1
1612 2
1613 3
1614 3
1615 2
1616 4
1617 5
1618 2
1619 3
1620 5
1621 0
1622 5
1623 2
1624 3
1625 3
1626 0
1627 5
1628 1
1629 2
1630 2
1631 1
1632 4
1633 2
1634 2
1635 0
1636 6
1637 6
1638 6
1639 2
1640 0
1641 3
1642 0
1643 4
1644 5
1645 2
1646 1
1647 6
1648 0
1649 4
1650 1
1651 5
1652 2
1653 2
1654 3
1655 2
1656 2
1657 5
1658 6
1659 2
1660 3
1661 6
1662 2
1663 2
1664 3
1665 0
1666 5
1667 3
1668 2
1669 6
1670 1
1671 5
1672 2
1673 1
1674 0
1675 1
1676 4
1677 0
1678 5
1679 5
1680 0
1681 3
1682 2
1683 3
1684 5
1685 1
1686 5
1687 4
1688 1
1689 1
1690 1
1691 1
1692 6
1693 2
1694 1
1695 0
1696 1
1697 3
1698 0
1699 0
1700 2
1701 2
1702 2
1703 3
1704 2
1705 6
1706 0
1707 0
1708 1
1709 2
1710 2
1711 2
1712 6
1713 3
1714 3
1715 1
1716 3
1717 1
1718 2
1719 1
1720 3
1721 5
1722 3
1723 3
1724 2
1725 2
1726 5
1727 4
1728 1
1729 1
1730 4
1731 3
1732 2
1733 3
1734 1
1735 0
1736 1
1737 1
1738 1
1739 6
1740 1
1741 4
1742 3
1743 2
1744 2
1745 1
1746 3
1747 3
1748 6
1749 3
1750 3
1751 2
1752 0
1753 2
1754 2
1755 2
1756 2
1757 3
1758 2
1759 3
1760 2
1761 3
1762 6
1763 2
1764 3
1765 3
1766 2
1767 2
1768 2
1769 1
1770 3
1771 1
1772 3
1773 2
1774 2
1775 1
1776 5
1777 3
1778 2
1779 2
1780 2
1781 5
1782 4
1783 3
1784 1
1785 1
1786 3
1787 2
1788 2
1789 2
1790 4
1791 6
1792 1
1793 2
1794 2
1795 2
1796 1
1797 1
1798 2
1799 1
1800 3
1801 2
1802 3
1803 3
1804 2
1805 2
1806 2
1807 1
1808 6
1809 5
1810 2
1811 2
1812 0
1813 2
1814 2
1815 2
1816 4
1817 2
1818 2
1819 5
1820 2
1821 2
1822 2
1823 6
1824 2
1825 2
1826 3
1827 3
1828 4
1829 3
1830 0
1831 1
1832 1
1833 2
1834 1
1835 6
1836 1
1837 5
1838 0
1839 1
1840 1
1841 4
1842 3
1843 0
1844 2
1845 2
1846 2
1847 2
1848 6
1849 3
1850 1
1851 2
1852 3
1853 2
1854 0
1855 0
1856 3
1857 2
1858 6
1859 4
1860 2
1861 2
1862 5
1863 5
1864 0
1865 2
1866 2
1867 2
1868 3
1869 2
1870 3
1871 2
1872 1
1873 2
1874 2
1875 2
1876 2
1877 6
1878 2
1879 2
1880 1
1881 5
1882 3
1883 1
1884 2
1885 2
1886 2
1887 2
1888 6
1889 2
1890 1
1891 2
1892 2
1893 2
1894 3
1895 6
1896 2
1897 6
1898 3
1899 2
1900 3
1901 3
1902 2
1903 2
1904 0
1905 1
1906 3
1907 3
1908 5
1909 5
1910 2
1911 1
1912 2
1913 3
1914 2
1915 2
1916 2
1917 1
1918 6
1919 5
1920 3
1921 1
1922 2
1923 3
1924 3
1925 1
1926 3
1927 2
1928 2
1929 2
1930 3
1931 1
1932 2
1933 2
1934 3
1935 2
1936 1
1937 3
1938 3
1939 2
1940 1
1941 3
1942 2
1943 1
1944 5
1945 3
1946 1
1947 1
1948 2
1949 2
1950 4
1951 0
1952 2
1953 2
1954 4
1955 5
1956 5
1957 4
1958 4
1959 1
1960 3
1961 5
1962 6
1963 6
1964 5
1965 1
1966 2
1967 2
1968 2
1969 2
1970 3
1971 1
1972 3
1973 1
1974 2
1975 4
1976 0
1977 3
1978 3
1979 2
1980 1
1981 2
1982 3
1983 4
1984 1
1985 1
1986 6
1987 2
1988 3
1989 2
1990 2
1991 3
1992 3
1993 3
1994 3
1995 3
1996 2
1997 2
1998 2
1999 2
2000 3
2001 1
2002 3
2003 2
2004 6
2005 3
2006 2
2007 3
2008 3
2009 3
2010 2
2011 6
2012 2
2013 2
2014 4
2015 3
2016 3
2017 5
2018 4
2019 6
2020 2
2021 0
2022 3
2023 2
2024 2
2025 3
2026 2
2027 4
2028 6
2029 2
2030 1
2031 5
2032 5
2033 6
2034 6
2035 0
2036 6
2037 0
2038 2
2039 1
2040 6
2041 2
2042 5
2043 2
2044 2
2045 6
2046 2
2047 3
2048 0
2049 2
2050 2
2051 2
2052 0
2053 6
2054 6
2055 3
2056 2
2057 6
2058 1
2059 6
2060 0
2061 0
2062 0
2063 3
2064 3
2065 2
2066 5
2067 1
2068 2
2069 3
2070 2
2071 0
2072 2
2073 2
2074 5
2075 0
2076 3
2077 1
2078 4
2079 5
2080 6
2081 3
2082 2
2083 3
2084 3
2085 2
2086 2
2087 1
2088 3
2089 1
2090 5
2091 5
2092 6
2093 2
2094 3
2095 6
2096 3
2097 3
2098 6
2099 6
2100 5
2101 2
2102 1
2103 1
2104 1
2105 2
2106 5
2107 2
2108 2
2109 3
2110 6
2111 1
2112 2
2113 3
2114 3
2115 3
2116 1
2117 2
2118 4
2119 2
2120 2
2121 2
2122 0
2123 0
2124 2
2125 1
2126 5
2127 6
2128 1
2129 2
2130 1
2131 0
2132 5
2133 1
2134 3
2135 2
2136 3
2137 6
2138 2
2139 1
2140 2
2141 3
2142 2
2143 2
2144 3
2145 0
2146 6
2147 2
2148 3
2149 5
2150 4
2151 5
2152 2
2153 3
2154 2
2155 6
2156 6
2157 0
2158 5
2159 3
2160 3
2161 3
2162 2
2163 3
2164 3
2165 2
2166 3
2167 3
2168 6
2169 6
2170 2
2171 5
2172 5
2173 1
2174 4
2175 1
2176 2
2177 1
2178 2
2179 4
2180 6
2181 2
2182 6
2183 4
2184 0
2185 3
2186 2
2187 2
2188 5
2189 5
2190 5
2191 2
2192 5
2193 2
2194 5
2195 6
2196 1
2197 6
2198 6
2199 1
2200 1
2201 2
2202 1
2203 2
2204 1
2205 1
2206 1
2207 3
2208 3
2209 2
2210 6
2211 1
2212 2
2213 5
2214 2
2215 5
2216 1
2217 5
2218 2
2219 3
2220 1
2221 4
2222 4
2223 2
2224 6
2225 5
2226 4
2227 2
2228 2
2229 5
2230 2
2231 5
2232 1
2233 2
2234 3
2235 3
2236 3
2237 1
2238 2
2239 2
2240 0
2241 3
2242 3
2243 5
2244 0
2245 0
2246 6
2247 2
2248 1
2249 1
2250 1
2251 1
2252 1
2253 5
2254 1
2255 2
2256 2
2257 1
2258 2
2259 1
2260 2
2261 1
2262 3
2263 2
2264 3
2265 1
2266 3
2267 1
2268 2
2269 2
2270 2
2271 1
2272 2
2273 6
2274 1
2275 2
2276 0
2277 1
2278 2
2279 2
2280 1
2281 2
2282 5
2283 2
2284 2
2285 3
2286 1
2287 6
2288 3
2289 0
2290 5
2291 5
2292 3
2293 3
2294 0
2295 1
2296 1
2297 0
2298 1
2299 0
2300 5
2301 3
2302 2
2303 4
2304 2
2305 4
2306 2
2307 2
2308 0
2309 2
2310 0
2311 3
2312 5
2313 3
2314 2
2315 6
2316 1
2317 2
2318 3
2319 6
2320 3
2321 2
2322 2
2323 3
2324 5
2325 2
2326 5
2327 3
2328 4
2329 6
2330 1
2331 6
2332 1
2333 2
2334 6
2335 2
2336 2
2337 2
2338 6
2339 5
2340 2
2341 3
2342 5
2343 6
2344 2
2345 3
2346 2
2347 1
2348 3
2349 2
2350 6
2351 3
2352 2
2353 1
2354 6
2355 2
2356 6
2357 2
2358 2
2359 0
2360 6
2361 1
2362 3
2363 1
2364 0
2365 5
2366 3
2367 3
2368 4
2369 5
2370 2
2371 0
2372 0
2373 2
2374 2
2375 3
2376 2
2377 3
2378 2
2379 1
2380 0
2381 2
2382 3
2383 2
2384 3
2385 2
2386 2
2387 2
2388 2
2389 3
2390 2
2391 6
2392 2
2393 2
2394 0
2395 2
2396 1
2397 2
2398 0
2399 0
2400 2
2401 3
2402 6
2403 0
2404 4
2405 2
2406 4
2407 1
2408 4
2409 5
2410 2
2411 4
2412 2
2413 2
2414 2
2415 2
2416 3
2417 6
2418 3
2419 3
2420 3
2421 3
2422 2
2423 5
2424 5
2425 3
2426 5
2427 6
2428 6
2429 2
2430 2
2431 5
2432 0
2433 2
2434 3
2435 3
2436 5
2437 2
2438 5
2439 2
2440 2
2441 5
2442 4
2443 6
2444 2
2445 2
2446 1
2447 6
2448 2
2449 5
2450 5
2451 1
2452 3
2453 2
2454 2
2455 6
2456 3
2457 2
2458 3
2459 2
2460 3
2461 3
2462 6
2463 3
2464 3
2465 6
2466 0
2467 2
2468 3
2469 2
2470 1
2471 5
2472 4
2473 6
2474 3
2475 6
2476 2
2477 2
2478 4
2479 0
2480 4
2481 2
2482 0
2483 6
2484 0
2485 4
2486 3
2487 5
2488 3
2489 0
2490 1
2491 2
2492 3
2493 5
2494 3
2495 6
2496 2
2497 2
2498 2
2499 2
2500 2
2501 2
2502 1
2503 2
2504 1
2505 2
2506 3
2507 2
2508 6
2509 6
2510 3
2511 3
2512 3
2513 2
2514 0
2515 2
2516 2
2517 2
2518 1
2519 3
2520 0
2521 1
2522 2
2523 2
2524 3
2525 3
2526 2
2527 5
2528 2
2529 0
2530 2
2531 3
2532 3
2533 2
2534 2
2535 2
2536 4
2537 2
2538 2
2539 5
2540 2
2541 5
2542 3
2543 5
2544 0
2545 2
2546 3
2547 3
2548 6
2549 2
2550 6
2551 4
2552 2
2553 2
2554 1
2555 6
2556 0
2557 1
2558 3
2559 3
2560 0
2561 3
2562 2
2563 1
2564 1
2565 0
2566 3
2567 2
2568 0
2569 2
2570 2
2571 2
2572 2
2573 2
2574 2
2575 3
2576 2
2577 6
2578 3
2579 2
2580 5
2581 0
2582 2
2583 2
2584 2
2585 5
2586 6
2587 5
2588 3
2589 5
2590 2
2591 5
2592 3
2593 6
2594 2
2595 3
2596 2
2597 0
2598 1
2599 2
2600 1
2601 3
2602 2
2603 2
2604 1
2605 0
2606 2
2607 2
2608 2
2609 5
2610 2
2611 2
2612 2
2613 2
2614 0
2615 2
2616 0
2617 5
2618 6
2619 2
2620 3
2621 2
2622 2
2623 3
2624 2
2625 2
2626 3
2627 6
2628 4
2629 4
2630 3
2631 2
2632 3
2633 6
2634 6
2635 5
2636 5
2637 0
2638 1
2639 2
2640 2
2641 1
2642 4
2643 2
2644 3
2645 0
2646 2
2647 2
2648 4
2649 5
2650 5
2651 2
2652 0
2653 6
2654 2
2655 2
2656 0
2657 6
2658 2
2659 1
2660 3
2661 3
2662 2
2663 5
2664 1
2665 3
2666 2
2667 1
2668 6
2669 2
2670 2
2671 2
2672 4
2673 1
2674 5
2675 5
2676 2
2677 6
2678 2
2679 3
2680 6
2681 2
2682 3
2683 2
2684 2
2685 6
2686 2
2687 4
2688 1
2689 2
2690 6
2691 2
2692 3
2693 3
2694 6
2695 6
2696 6
2697 3
2698 3
2699 3
2700 3
2701 2
2702 2
2703 1
2704 3
2705 1
2706 0
2707 2
