4
22
23
27
28
30
31
33
38
50
51
57
60
61
65
71
73
84
86
88
89
98
103
108
111
112
113
118
119
130
132
133
139
141
143
144
151
153
154
172
185
186
189
196
201
203
204
205
210
212
218
223
227
231
234
235
237
242
248
256
259
265
269
275
281
283
285
289
297
298
299
304
323
326
329
335
336
340
341
344
347
348
352
358
362
368
372
391
392
394
395
406
408
409
411
413
414
416
425
429
430
434
436
442
444
445
449
451
456
460
477
479
482
483
484
497
498
501
502
504
507
510
513
514
516
519
522
524
529
531
533
536
542
543
545
554
557
559
563
567
568
570
573
574
579
581
583
595
597
607
609
618
627
628
631
635
637
640
643
645
649
654
656
660
661
662
663
664
670
671
677
679
695
700
702
703
708
710
712
714
715
719
722
725
727
728
729
730
744
748
750
752
754
762
765
767
775
782
788
789
790
793
795
805
809
811
814
815
816
821
825
829
831
838
839
840
843
845
846
849
851
859
861
863
864
871
873
883
884
890
896
907
910
917
918
940
941
944
948
950
951
956
958
962
971
975
984
987
989
995
997
1002
1007
1008
1011
1021
1022
1031
1037
1038
1039
1041
1051
1052
1053
1058
1059
1060
1062
1064
1066
1070
1071
1075
1077
1095
1100
1102
1109
1113
1114
1118
1123
1128
1135
1136
1142
1147
1148
1152
1155
1158
1160
1167
1169
1175
1186
1187
1199
1202
1205
1215
1230
1232
1234
1237
1241
1246
1248
1249
1250
1276
1279
1282
1283
1286
1290
1293
1294
1302
1304
1305
1308
1309
1316
1317
1321
1324
1328
1330
1332
1334
1339
1340
1346
1347
1352
1354
1359
1360
1365
1367
1376
1380
1382
1388
1391
1404
1406
1408
1409
1414
1418
1421
1424
1426
1433
1441
1445
1447
1451
1452
1455
1457
1459
1465
1475
1478
1481
1486
1488
1490
1494
1500
1501
1502
1508
1518
1534
1535
1536
1539
1544
1545
1554
1556
1560
1565
1569
1580
1582
1583
1594
1597
1598
1604
1605
1615
1618
1619
1622
1625
1627
1628
1632
1633
1642
1645
1651
1654
1655
1656
1658
1663
1673
1675
1685
1689
1690
1694
1699
1701
1709
1713
1719
1722
1724
1726
1729
1730
1734
1735
1737
1738
1740
1748
1754
1757
1765
1766
1768
1769
1776
1779
1784
1786
1790
1795
1799
1800
1801
1802
1803
1804
1809
1812
1815
1821
1825
1827
1835
1848
1855
1857
1864
1869
1871
1872
1873
1874
1878
1886
1890
1892
1893
1897
1902
1908
1917
1920
1921
1929
1939
1944
1956
1957
1961
1963
1964
1971
1974
1978
1982
1983
1987
1988
1991
1996
1997
1998
2000
2002
2004
2005
2007
2010
2012
2015
2024
2026
2028
2035
2039
2042
2050
2056
2064
2069
2077
2079
2080
2081
2086
2091
2092
2094
2095
2096
2099
2100
2101
2103
2104
2106
2107
2115
2118
2132
2144
2145
2155
2165
2167
2168
2174
2177
2179
2181
2190
2196
2199
2200
2207
2214
2218
2226
2229
2233
2235
2236
2245
2246
2248
2250
2251
2252
2254
2262
2263
2266
2272
2279
2282
2284
2285
2288
2295
2296
2298
2299
2308
2309
2311
2313
2316
2320
2321
2322
2324
2330
2332
2333
2335
2336
2341
2342
2343
2353
2354
2361
2362
2364
2366
2367
2368
2370
2371
2374
2376
2379
2385
2388
2391
2394
2399
2400
2406
2407
2408
2409
2411
2413
2415
2417
2421
2423
2427
2430
2433
2435
2436
2437
2445
2449
2453
2457
2459
2460
2465
2466
2467
2469
2474
2480
2482
2484
2486
2490
2498
2511
2515
2527
2530
2539
2545
2546
2548
2554
2561
2572
2573
2575
2583
2584
2590
2591
2596
2601
2605
2609
2615
2616
2625
2629
2630
2632
2633
2634
2636
2637
2642
2647
2648
2651
2654
2657
2659
2661
2666
2671
2681
2688
2689
2690
2695
2696
2699
2702
2705
2706
